7 1 4 0.001 0 0 0 0 0 0
7 2 5 0.001 0 0 0 0 0 0
7 3 6 0.001 0 0 0 0 0 0
8 4 5 6 7 8 0 0 0 0
12 7 8 9 10 1 0 0 0 0
10 7 8 10 11 12 0 0 0 0
7 13 16 -0.001 0 0 0 0 0 0
7 14 17 -0.001 0 0 0 0 0 0
7 15 18 -0.001 0 0 0 0 0 0
8 16 17 18 19 20 0 0 0 0
10 19 20 10 21 22 0 0 0 0
7 23 24 -0.001 0 0 0 0 0 0
1 24 25 26 2 0 0 0 0 0
2 26 78 1 0.01 0.12 -0.12 0 0 0
14 78 27 0.12 -0.12 0 0 0 0 0
1 27 21 28 2 0 0 0 0 0
2 28 97 5 0.4 0.15 -0.15 0 0 0
14 97 29 0.15 -0.15 0 0 0 0 0
1 29 11 32 1 0 0 0 0 0
3 30 1.57079632679 0 0 0 0 0 0 0
1 22 30 31 3 0 0 0 0 0
1 32 31 33 2 0 0 0 0 0
3 34 0 0 0 0 0 0 0 0
1 34 22 35 2 0 0 0 0 0
2 35 98 5 0.4 0.15 -0.15 0 0 0
14 98 36 0.15 -0.15 0 0 0 0 0
1 36 12 38 1 0 0 0 0 0
1 21 30 37 3 0 0 0 0 0
1 38 37 39 1 0 0 0 0 0
7 33 40 2 0 0 0 0 0 0
7 39 41 2 0 0 0 0 0 0
1 40 24 42 4 0 0 0 0 0
1 41 24 43 4 0 0 0 0 0
12 42 43 44 45 1 0 0 0 0
14 44 46 2 0 0 0 0 0 0
12 46 45 47 48 2 0 0 0 0
11 47 48 10 49 50 0 0 0 0
9 49 50 51 52 53 0 0 0 0
5 54 5000 1 -1 0.5 180 0 0 0
13 51 54 55 56 1 0 0 0 0
13 52 54 57 58 1 0 0 0 0
13 53 54 59 60 1 0 0 0 0
16 61 400 0 1 0 0 0 0 0
7 63 64 0.001 0 0 0 0 0 0
1 64 24 65 3 0 0 0 0 0
17 24 61 62 0 0 0 0 0 0
17 65 61 66 0 0 0 0 0 0
18 62 67 0.0025 2000 0 0 0 0 0
18 66 68 0.0025 2000 0 0 0 0 0
1 66 68 69 2 0 0 0 0 0
1 62 67 70 2 0 0 0 0 0
1 69 70 71 4 0 0 0 0 0
3 72 0.05 0 0 0 0 0 0 0
1 71 72 73 3 0 0 0 0 0
14 73 74 0.0005 -0.0005 0 0 0 0 0
19 74 75 76 77 1 0 0 0 0
3 75 0 0 0 0 0 0 0 0
13 61 75 76 99 1 0 0 0 0
1 77 25 79 1 0 0 0 0 0
19 79 80 82 25 1 0 0 0 0
3 80 0.85 0 0 0 0 0 0 0
13 81 75 82 100 1 0 0 0 0
3 83 1 0 0 0 0 0 0 0
19 83 75 86 81 1 0 0 0 0
15 84 0 0 0 0 0 0 0 0
3 85 0.2 0 0 0 0 0 0 0
13 84 85 86 101 1 0 0 0 0
3 87 600 0 0 0 0 0 0 0
3 88 1000 0 0 0 0 0 0 0
3 89 0.5 0 0 0 0 0 0 0
13 84 89 90 102 1 0 0 0 0
19 87 88 90 91 1 0 0 0 0
3 92 35 0 0 0 0 0 0 0
3 93 25 0 0 0 0 0 0 0
3 94 12.0 0 0 0 0 0 0 0
13 84 94 95 103 1 0 0 0 0
19 92 93 95 96 1 0 0 0 0
100 1 25 0 0 0 0 0 0 0