12 1 12 0 0 0 0 0 0 0
2 1 13 0.001 0 0 0 0 0 0
2 2 14 0.001 0 0 0 0 0 0
2 3 15 0.001 0 0 0 0 0 0
2 4 16 0.001 0 0 0 0 0 0
2 5 17 0.001 0 0 0 0 0 0
2 6 18 0.001 0 0 0 0 0 0
2 7 19 0.001 0 0 0 0 0 0
2 8 20 0.001 0 0 0 0 0 0
2 9 21 0.001 0 0 0 0 0 0
2 10 22 0.001 0 0 0 0 0 0
2 11 23 0.001 0 0 0 0 0 0
2 12 24 0.001 0 0 0 0 0 0
1 13 0 1 0 0 0 0 0 0
1 14 0 1 0 0 0 0 0 0
1 15 0 1 0 0 0 0 0 0
1 16 0 1 0 0 0 0 0 0
1 17 0 1 0 0 0 0 0 0
1 18 0 1 0 0 0 0 0 0
1 19 0 1 0 0 0 0 0 0
1 20 0 1 0 0 0 0 0 0
1 21 0 1 0 0 0 0 0 0
1 22 0 1 0 0 0 0 0 0
1 23 0 1 0 0 0 0 0 0
1 24 0 1 0 0 0 0 0 0