20 0 1 571.54760665 0 50 0.001 11.05 11.1 0.2
20 0 2 571.54760665 240 50 0.001 11.05 11.1 0.2
20 0 3 571.54760665 120 50 0.001 11.05 11.1 0.2
18 4 9 2 14.8 0 0 0 0 0
1 10 7 0.001 0 0 0 0 0 0
1 11 8 0.001 0 0 0 0 0 0
1 12 9 0.001 0 0 0 0 0 0
24 10 13 0.0 0.6e-3 16000e-6 171 2 0 0
24 15 13 0.001 0.6e-3 16000e-6 65 2 0 0
1 1 15 0.001 0 0 0 0 0 0
1 2 16 0.001 0 0 0 0 0 0
1 3 17 0.001 0 0 0 0 0 0
1 1 4 0.001 0 0 0 0 0 0
1 2 5 0.001 0 0 0 0 0 0
1 3 6 0.001 0 0 0 0 0 0
18 18 23 2 14.55 0 0 0 0 0
1 24 21 0.001 0 0 0 0 0 0
1 25 22 0.001 0 0 0 0 0 0
1 26 23 0.001 0 0 0 0 0 0
24 24 27 0.0 0.6e-3 16000e-6 364 2 0 0
24 29 27 0.001 0.6e-3 16000e-6 258 2 0 0
1 1 29 0.001 0 0 0 0 0 0
1 2 30 0.001 0 0 0 0 0 0
1 3 31 0.001 0 0 0 0 0 0
1 1 18 0.001 0 0 0 0 0 0
1 2 19 0.001 0 0 0 0 0 0
1 3 20 0.001 0 0 0 0 0 0
18 32 37 2 14.3 0 0 0 0 0
1 38 35 0.001 0 0 0 0 0 0
1 39 36 0.001 0 0 0 0 0 0
1 40 37 0.001 0 0 0 0 0 0
24 38 41 0.0 0.6e-3 16000e-6 557 2 0 0
24 43 41 0.001 0.6e-3 16000e-6 451 2 0 0
1 1 43 0.001 0 0 0 0 0 0
1 2 44 0.001 0 0 0 0 0 0
1 3 45 0.001 0 0 0 0 0 0
1 1 32 0.001 0 0 0 0 0 0
1 2 33 0.001 0 0 0 0 0 0
1 3 34 0.001 0 0 0 0 0 0
18 46 51 2 14.05 0 0 0 0 0
1 52 49 0.001 0 0 0 0 0 0
1 53 50 0.001 0 0 0 0 0 0
1 54 51 0.001 0 0 0 0 0 0
24 52 55 0.0 0.6e-3 16000e-6 750 2 0 0
24 57 55 0.001 0.6e-3 16000e-6 644 2 0 0
1 1 57 0.001 0 0 0 0 0 0
1 2 58 0.001 0 0 0 0 0 0
1 3 59 0.001 0 0 0 0 0 0
1 1 46 0.001 0 0 0 0 0 0
1 2 47 0.001 0 0 0 0 0 0
1 3 48 0.001 0 0 0 0 0 0
18 60 65 2 13.8 0 0 0 0 0
1 66 63 0.001 0 0 0 0 0 0
1 67 64 0.001 0 0 0 0 0 0
1 68 65 0.001 0 0 0 0 0 0
24 66 69 0.0 0.6e-3 16000e-6 943 2 0 0
24 71 69 0.001 0.6e-3 16000e-6 837 2 0 0
1 1 71 0.001 0 0 0 0 0 0
1 2 72 0.001 0 0 0 0 0 0
1 3 73 0.001 0 0 0 0 0 0
1 1 60 0.001 0 0 0 0 0 0
1 2 61 0.001 0 0 0 0 0 0
1 3 62 0.001 0 0 0 0 0 0