7 1 77 0.001 0 0 0 0 0 0
7 2 78 0.001 0 0 0 0 0 0
7 3 79 0.001 0 0 0 0 0 0
8 77 78 79 4 5 0 0 0 0
12 4 5 6 7 1 0 0 0 0
3 11 0.563382640840131 0 0 0 0 0 0 0
1 6 11 8 4 0 0 0 0 0
10 4 5 7 9 10 0 0 0 0
1 9 11 13 4 0 0 0 0 0
1 10 11 14 4 0 0 0 0 0
7 15 80 0.001 0 0 0 0 0 0
7 16 81 0.001 0 0 0 0 0 0
7 17 82 0.001 0 0 0 0 0 0
8 80 81 82 18 19 0 0 0 0
10 18 19 7 20 21 0 0 0 0
1 20 11 12 4 0 0 0 0 0
1 21 11 22 4 0 0 0 0 0
7 23 26 -0.001 0 0 0 0 0 0
7 24 27 -0.001 0 0 0 0 0 0
7 25 28 -0.001 0 0 0 0 0 0
8 26 27 28 29 30 0 0 0 0
10 29 30 7 31 32 0 0 0 0
3 33 2.366656756312249 0 0 0 0 0 0 0
1 31 33 34 4 0 0 0 0 0
1 32 33 35 4 0 0 0 0 0
7 36 83 -0.001 0 0 0 0 0 0
1 83 11 37 4 0 0 0 0 0
1 37 37 38 3 0 0 0 0 0
3 39 4.5369 0 0 0 0 0 0 0
1 38 39 40 2 0 0 0 0 0
2 40 86 0.335 0.1 0 0 0 0 0
14 86 41 1 -1 0 0 0 0 0
1 41 34 42 2 0 0 0 0 0
2 42 87 5.54 0.01 0 0 0 0 0
14 87 43 1.0 -1.0 0 0 0 0 0
1 43 8 44 1 0 0 0 0 0
3 70 0.791831127914304 0 0 0 0 0 0 0
1 35 70 50 3 0 0 0 0 0
1 44 50 45 2 0 0 0 0 0
3 47 0 0 0 0 0 0 0 0
1 47 35 48 2 0 0 0 0 0
2 48 88 5.54 0.01 0 0 0 0 0
14 88 49 1.0 -1.0 0 0 0 0 0
1 34 70 51 3 0 0 0 0 0
1 49 51 52 1 0 0 0 0 0
1 45 11 46 3 0 0 0 0 0
1 52 11 53 3 0 0 0 0 0
3 69 2 0 0 0 0 0 0 0
1 46 69 54 3 0 0 0 0 0
1 53 69 55 3 0 0 0 0 0
1 54 83 56 4 0 0 0 0 0
1 55 83 57 4 0 0 0 0 0
12 56 57 58 59 1 0 0 0 0
14 58 60 2 0 0 0 0 0 0
12 60 59 61 62 2 0 0 0 0
11 61 62 7 63 64 0 0 0 0
9 63 64 96 66 67 0 0 0 0
5 68 5000 1 -1 0.5 180 0 0 0
13 65 68 71 72 1 0 0 0 0
13 66 68 73 74 1 0 0 0 0
13 67 68 75 76 1 0 0 0 0
1 85 84 36 2 0 0 0 0 0
15 89 0 0 0 0 0 0 0 0
13 89 90 91 92 1 0 0 0 0
13 89 93 94 95 1 0 0 0 0
3 97 -1 0 0 0 0 0 0 0
19 96 97 91 98 0 0 0 0 0
19 98 96 94 65 0 0 0 0 0
3 90 0.5 0 0 0 0 0 0 0
3 93 0.55 0 0 0 0 0 0 0