20 0 1 89.8146239e3 0 50 0.1 1.05 1.1 0
20 0 2 89.8146239e3 240 50 0.1 1.05 1.1 0
20 0 3 89.8146239e3 120 50 0.1 1.05 1.1 0
2 1 4 0.0128 0 0 0 0 0 0
2 1 5 0.0128 0 0 0 0 0 0
2 2 6 0.0128 0 0 0 0 0 0
2 2 7 0.0128 0 0 0 0 0 0
2 3 8 0.0128 0 0 0 0 0 0
2 3 9 0.0128 0 0 0 0 0 0
1 4 10 1.7 0 0 0 0 0 0
1 5 10 1.7 0 0 0 0 0 0
1 6 12 1.7 0 0 0 0 0 0
1 7 12 1.7 0 0 0 0 0 0
1 8 14 1.7 0 0 0 0 0 0
1 9 14 1.7 0 0 0 0 0 0
25 10 16 12e6 121e3 38.5e3 50 0.1 2 1
2 17 11 0.694e-3 0 0 0 0 0 0
2 18 13 0.694e-3 0 0 0 0 0 0
2 19 15 0.694e-3 0 0 0 0 0 0
1 33 17 0.218 0 0 0 0 0 0
1 35 18 0.218 0 0 0 0 0 0
1 37 19 0.218 0 0 0 0 0 0
2 20 11 0.694e-3 0 0 0 0 0 0
2 21 13 0.694e-3 0 0 0 0 0 0
2 22 15 0.694e-3 0 0 0 0 0 0
1 40 20 0.218 0 0 0 0 0 0
1 42 21 0.218 0 0 0 0 0 0
1 44 22 0.218 0 0 0 0 0 0
2 23 11 0.694e-3 0 0 0 0 0 0
2 24 13 0.694e-3 0 0 0 0 0 0
2 25 15 0.694e-3 0 0 0 0 0 0
1 47 23 0.218 0 0 0 0 0 0
1 49 24 0.218 0 0 0 0 0 0
1 51 25 0.218 0 0 0 0 0 0
2 26 11 0.694e-3 0 0 0 0 0 0
2 27 13 0.694e-3 0 0 0 0 0 0
2 28 15 0.694e-3 0 0 0 0 0 0
1 54 26 0.218 0 0 0 0 0 0
1 56 27 0.218 0 0 0 0 0 0
1 58 28 0.218 0 0 0 0 0 0
2 29 11 0.694e-3 0 0 0 0 0 0
2 30 13 0.694e-3 0 0 0 0 0 0
2 31 15 0.694e-3 0 0 0 0 0 0
1 61 29 0.218 0 0 0 0 0 0
1 63 30 0.218 0 0 0 0 0 0
1 65 31 0.218 0 0 0 0 0 0
25 32 38 2.5e6 0.69e3 38.5e3 50 0.1 2 1
25 39 45 2.5e6 0.69e3 38.5e3 50 0.1 2 1
25 46 52 2.5e6 0.69e3 38.5e3 50 0.1 2 1
25 53 59 2.5e6 0.69e3 38.5e3 50 0.1 2 1
25 60 66 2.5e6 0.69e3 38.5e3 50 0.1 2 1
1 32 0 1 0 0 0 0 0 0
1 34 0 1 0 0 0 0 0 0
1 36 0 1 0 0 0 0 0 0
1 39 0 1 0 0 0 0 0 0
1 41 0 1 0 0 0 0 0 0
1 43 0 1 0 0 0 0 0 0
1 46 0 1 0 0 0 0 0 0
1 48 0 1 0 0 0 0 0 0
1 50 0 1 0 0 0 0 0 0
1 53 0 1 0 0 0 0 0 0
1 55 0 1 0 0 0 0 0 0
1 57 0 1 0 0 0 0 0 0
1 60 0 1 0 0 0 0 0 0
1 62 0 1 0 0 0 0 0 0
1 64 0 1 0 0 0 0 0 0