   1.0000000e+00   6.7000000e+01   8.4000000e+01
   1.0000000e+00   6.8000000e+01   8.5000000e+01
   1.0000000e+00   6.9000000e+01   8.6000000e+01
   3.0000000e+00   6.1000000e+01   9.7000000e+01
   3.0000000e+00   6.2000000e+01   9.8000000e+01
   3.0000000e+00   6.3000000e+01   9.9000000e+01
   1.0000000e+00   7.0000000e+01   1.0900000e+02
   1.0000000e+00   7.1000000e+01   1.1000000e+02
   1.0000000e+00   7.2000000e+01   1.1100000e+02
   3.0000000e+00   5.3000000e+01   1.2400000e+02
   3.0000000e+00   5.4000000e+01   1.2500000e+02
   3.0000000e+00   5.5000000e+01   1.2600000e+02
   1.0000000e+00   7.6000000e+01   1.9200000e+02
   1.0000000e+00   7.7000000e+01   1.9300000e+02
   5.0000000e+00   5.2000000e+01   1.4300000e+02
   4.0000000e+00   5.2000000e+01   1.8100000e+02
   1.0000000e+00   7.8000000e+01   1.0000000e+00
   1.0000000e+00   7.9000000e+01   2.0000000e+00
   1.0000000e+00   8.0000000e+01   3.0000000e+00
   1.0000000e+00   7.8000000e+01   1.5000000e+01
   1.0000000e+00   7.9000000e+01   1.6000000e+01
   1.0000000e+00   8.0000000e+01   1.7000000e+01
   3.0000000e+00   5.8000000e+01   2.3000000e+01
   3.0000000e+00   5.9000000e+01   2.4000000e+01
   3.0000000e+00   6.0000000e+01   2.5000000e+01
   1.0000000e+00   8.1000000e+01   2.7700000e+02
   1.0000000e+00   8.2000000e+01   2.7800000e+02
   1.0000000e+00   8.3000000e+01   2.7900000e+02
   3.0000000e+00   7.3000000e+01   2.9000000e+02
   3.0000000e+00   7.4000000e+01   2.9100000e+02
   3.0000000e+00   7.5000000e+01   2.9200000e+02
   1.0000000e+00   8.4000000e+01   3.0200000e+02
   1.0000000e+00   8.5000000e+01   3.0300000e+02
   1.0000000e+00   8.6000000e+01   3.0400000e+02
   3.0000000e+00   6.5000000e+01   3.1700000e+02
   3.0000000e+00   6.6000000e+01   3.1800000e+02
   3.0000000e+00   6.7000000e+01   3.1900000e+02
   1.0000000e+00   9.0000000e+01   3.8500000e+02
   1.0000000e+00   9.1000000e+01   3.8600000e+02
   5.0000000e+00   6.4000000e+01   3.3600000e+02
   4.0000000e+00   6.4000000e+01   3.7400000e+02
   1.0000000e+00   9.2000000e+01   1.9400000e+02
   1.0000000e+00   9.3000000e+01   1.9500000e+02
   1.0000000e+00   9.4000000e+01   1.9600000e+02
   1.0000000e+00   9.2000000e+01   2.0800000e+02
   1.0000000e+00   9.3000000e+01   2.0900000e+02
   1.0000000e+00   9.4000000e+01   2.1000000e+02
   3.0000000e+00   7.0000000e+01   2.1600000e+02
   3.0000000e+00   7.1000000e+01   2.1700000e+02
   3.0000000e+00   7.2000000e+01   2.1800000e+02
   1.0000000e+00   9.5000000e+01   4.7000000e+02
   1.0000000e+00   9.6000000e+01   4.7100000e+02
   1.0000000e+00   9.7000000e+01   4.7200000e+02
   3.0000000e+00   8.5000000e+01   4.8300000e+02
   3.0000000e+00   8.6000000e+01   4.8400000e+02
   3.0000000e+00   8.7000000e+01   4.8500000e+02
   1.0000000e+00   9.8000000e+01   4.9500000e+02
   1.0000000e+00   9.9000000e+01   4.9600000e+02
   1.0000000e+00   1.0000000e+02   4.9700000e+02
   3.0000000e+00   7.7000000e+01   5.1000000e+02
   3.0000000e+00   7.8000000e+01   5.1100000e+02
   3.0000000e+00   7.9000000e+01   5.1200000e+02
   1.0000000e+00   1.0400000e+02   5.7800000e+02
   1.0000000e+00   1.0500000e+02   5.7900000e+02
   5.0000000e+00   7.6000000e+01   5.2900000e+02
   4.0000000e+00   7.6000000e+01   5.6700000e+02
   1.0000000e+00   1.0600000e+02   3.8700000e+02
   1.0000000e+00   1.0700000e+02   3.8800000e+02
   1.0000000e+00   1.0800000e+02   3.8900000e+02
   1.0000000e+00   1.0600000e+02   4.0100000e+02
   1.0000000e+00   1.0700000e+02   4.0200000e+02
   1.0000000e+00   1.0800000e+02   4.0300000e+02
   3.0000000e+00   8.2000000e+01   4.0900000e+02
   3.0000000e+00   8.3000000e+01   4.1000000e+02
   3.0000000e+00   8.4000000e+01   4.1100000e+02
   1.0000000e+00   1.0900000e+02   6.6300000e+02
   1.0000000e+00   1.1000000e+02   6.6400000e+02
   1.0000000e+00   1.1100000e+02   6.6500000e+02
   3.0000000e+00   9.7000000e+01   6.7600000e+02
   3.0000000e+00   9.8000000e+01   6.7700000e+02
   3.0000000e+00   9.9000000e+01   6.7800000e+02
   1.0000000e+00   1.1200000e+02   6.8800000e+02
   1.0000000e+00   1.1300000e+02   6.8900000e+02
   1.0000000e+00   1.1400000e+02   6.9000000e+02
   3.0000000e+00   8.9000000e+01   7.0300000e+02
   3.0000000e+00   9.0000000e+01   7.0400000e+02
   3.0000000e+00   9.1000000e+01   7.0500000e+02
   1.0000000e+00   1.1800000e+02   7.7100000e+02
   1.0000000e+00   1.1900000e+02   7.7200000e+02
   5.0000000e+00   8.8000000e+01   7.2200000e+02
   4.0000000e+00   8.8000000e+01   7.6000000e+02
   1.0000000e+00   1.2000000e+02   5.8000000e+02
   1.0000000e+00   1.2100000e+02   5.8100000e+02
   1.0000000e+00   1.2200000e+02   5.8200000e+02
   1.0000000e+00   1.2000000e+02   5.9400000e+02
   1.0000000e+00   1.2100000e+02   5.9500000e+02
   1.0000000e+00   1.2200000e+02   5.9600000e+02
   3.0000000e+00   9.4000000e+01   6.0200000e+02
   3.0000000e+00   9.5000000e+01   6.0300000e+02
   3.0000000e+00   9.6000000e+01   6.0400000e+02
   1.0000000e+00   1.2300000e+02   8.5600000e+02
   1.0000000e+00   1.2400000e+02   8.5700000e+02
   1.0000000e+00   1.2500000e+02   8.5800000e+02
   3.0000000e+00   1.0900000e+02   8.6900000e+02
   3.0000000e+00   1.1000000e+02   8.7000000e+02
   3.0000000e+00   1.1100000e+02   8.7100000e+02
   1.0000000e+00   1.2600000e+02   8.8100000e+02
   1.0000000e+00   1.2700000e+02   8.8200000e+02
   1.0000000e+00   1.2800000e+02   8.8300000e+02
   3.0000000e+00   1.0100000e+02   8.9600000e+02
   3.0000000e+00   1.0200000e+02   8.9700000e+02
   3.0000000e+00   1.0300000e+02   8.9800000e+02
   1.0000000e+00   1.3200000e+02   9.6400000e+02
   1.0000000e+00   1.3300000e+02   9.6500000e+02
   5.0000000e+00   1.0000000e+02   9.1500000e+02
   4.0000000e+00   1.0000000e+02   9.5300000e+02
   1.0000000e+00   1.3400000e+02   7.7300000e+02
   1.0000000e+00   1.3500000e+02   7.7400000e+02
   1.0000000e+00   1.3600000e+02   7.7500000e+02
   1.0000000e+00   1.3400000e+02   7.8700000e+02
   1.0000000e+00   1.3500000e+02   7.8800000e+02
   1.0000000e+00   1.3600000e+02   7.8900000e+02
   3.0000000e+00   1.0600000e+02   7.9500000e+02
   3.0000000e+00   1.0700000e+02   7.9600000e+02
   3.0000000e+00   1.0800000e+02   7.9700000e+02