7 1 4 0.001 0 0 0 0 0 0
7 2 5 0.001 0 0 0 0 0 0
7 3 6 0.001 0 0 0 0 0 0
8 4 5 6 7 8 0 0 0 0
12 7 8 9 10 1 0 0 0 0
10 7 8 10 11 12 0 0 0 0
7 13 16 -0.001 0 0 0 0 0 0
7 14 17 -0.001 0 0 0 0 0 0
7 15 18 -0.001 0 0 0 0 0 0
8 16 17 18 19 20 0 0 0 0
10 19 20 10 21 22 0 0 0 0
7 23 24 -0.001 0 0 0 0 0 0
1 24 25 26 2 0 0 0 0 0
2 26 78 1 0.01 0.12 -0.12 0 0 0
14 78 27 0.12 -0.12 0 0 0 0 0
1 27 21 28 2 0 0 0 0 0
2 28 97 5 0.4 0.15 -0.15 0 0 0
14 97 29 0.15 -0.15 0 0 0 0 0
1 29 11 32 1 0 0 0 0 0
3 30 1.57079632679 0 0 0 0 0 0 0
1 22 30 31 3 0 0 0 0 0
1 32 31 33 2 0 0 0 0 0
3 34 0 0 0 0 0 0 0 0
1 34 22 35 2 0 0 0 0 0
2 35 98 5 0.4 0.15 -0.15 0 0 0
14 98 36 0.15 -0.15 0 0 0 0 0
1 36 12 38 1 0 0 0 0 0
1 21 30 37 3 0 0 0 0 0
1 38 37 39 1 0 0 0 0 0
7 33 40 2 0 0 0 0 0 0
7 39 41 2 0 0 0 0 0 0
1 40 24 42 4 0 0 0 0 0
1 41 24 43 4 0 0 0 0 0
12 42 43 44 45 1 0 0 0 0
14 44 46 2 0 0 0 0 0 0
12 46 45 47 48 2 0 0 0 0
11 47 48 10 49 50 0 0 0 0
9 49 50 51 52 53 0 0 0 0
5 54 5000 1 -1 0.5 180 0 0 0
13 51 54 55 56 1 0 0 0 0
13 52 54 57 58 1 0 0 0 0
13 53 54 59 60 1 0 0 0 0
16 61 100 0 1 0 0 0 0 0
7 63 64 0.001 0 0 0 0 0 0
1 64 24 65 3 0 0 0 0 0
17 24 61 62 0 0 0 0 0 0
17 65 61 66 0 0 0 0 0 0
18 62 67 0.01 2000 0 0 0 0 0
18 66 68 0.01 2000 0 0 0 0 0
1 66 68 69 2 0 0 0 0 0
1 62 67 70 2 0 0 0 0 0
1 69 70 71 4 0 0 0 0 0
3 72 0.05 0 0 0 0 0 0 0
1 71 72 73 3 0 0 0 0 0
14 73 74 0.0005 -0.0005 0 0 0 0 0
19 74 75 76 77 1 0 0 0 0
3 75 0 0 0 0 0 0 0 0
13 61 75 76 99 1 0 0 0 0
1 77 25 79 1 0 0 0 0 0
19 79 80 82 25 1 0 0 0 0
3 80 0.875 0 0 0 0 0 0 0
13 81 75 82 100 1 0 0 0 0
3 83 1 0 0 0 0 0 0 0
19 83 75 86 81 1 0 0 0 0
15 84 0 0 0 0 0 0 0 0
3 85 0.2 0 0 0 0 0 0 0
13 84 85 86 101 1 0 0 0 0
3 87 600 0 0 0 0 0 0 0
3 88 1000 0 0 0 0 0 0 0
3 89 10.5 0 0 0 0 0 0 0
13 84 89 90 102 1 0 0 0 0
19 87 88 90 91 1 0 0 0 0
3 92 35 0 0 0 0 0 0 0
3 93 25 0 0 0 0 0 0 0
3 94 10.5 0 0 0 0 0 0 0
13 84 94 95 103 1 0 0 0 0
19 92 93 95 96 1 0 0 0 0
100 2 25 128 0 0 0 0 0 0
7 104 107 0.001 0 0 0 0 0 0
7 105 108 0.001 0 0 0 0 0 0
7 106 109 0.001 0 0 0 0 0 0
8 107 108 109 110 111 0 0 0 0
12 110 111 112 113 1 0 0 0 0
10 110 111 113 114 115 0 0 0 0
7 116 119 -0.001 0 0 0 0 0 0
7 117 120 -0.001 0 0 0 0 0 0
7 118 121 -0.001 0 0 0 0 0 0
8 119 120 121 122 123 0 0 0 0
10 122 123 113 124 125 0 0 0 0
7 126 127 -0.001 0 0 0 0 0 0
1 127 128 129 2 0 0 0 0 0
2 129 181 1 0.01 0.12 -0.12 0 0 0
14 181 130 0.12 -0.12 0 0 0 0 0
1 130 124 131 2 0 0 0 0 0
2 131 200 5 0.4 0.15 -0.15 0 0 0
14 200 132 0.15 -0.15 0 0 0 0 0
1 132 114 135 1 0 0 0 0 0
3 133 1.57079632679 0 0 0 0 0 0 0
1 125 133 134 3 0 0 0 0 0
1 135 134 136 2 0 0 0 0 0
3 137 0 0 0 0 0 0 0 0
1 137 125 138 2 0 0 0 0 0
2 138 201 5 0.4 0.15 -0.15 0 0 0
14 201 139 0.15 -0.15 0 0 0 0 0
1 139 115 141 1 0 0 0 0 0
1 124 133 140 3 0 0 0 0 0
1 141 140 142 1 0 0 0 0 0
7 136 143 2 0 0 0 0 0 0
7 142 144 2 0 0 0 0 0 0
1 143 127 145 4 0 0 0 0 0
1 144 127 146 4 0 0 0 0 0
12 145 146 147 148 1 0 0 0 0
14 147 149 2 0 0 0 0 0 0
12 149 148 150 151 2 0 0 0 0
11 150 151 113 152 153 0 0 0 0
9 152 153 154 155 156 0 0 0 0
5 157 5000 1 -1 0.5 180 0 0 0
13 154 157 158 159 1 0 0 0 0
13 155 157 160 161 1 0 0 0 0
13 156 157 162 163 1 0 0 0 0
16 164 100 0 1 0 0 0 0 0
7 166 167 0.001 0 0 0 0 0 0
1 167 127 168 3 0 0 0 0 0
17 127 164 165 0 0 0 0 0 0
17 168 164 169 0 0 0 0 0 0
18 165 170 0.01 2000 0 0 0 0 0
18 169 171 0.01 2000 0 0 0 0 0
1 169 171 172 2 0 0 0 0 0
1 165 170 173 2 0 0 0 0 0
1 172 173 174 4 0 0 0 0 0
3 175 0.05 0 0 0 0 0 0 0
1 174 175 176 3 0 0 0 0 0
14 176 177 0.0005 -0.0005 0 0 0 0 0
19 177 178 179 180 1 0 0 0 0
3 178 0 0 0 0 0 0 0 0
13 164 178 179 202 1 0 0 0 0
1 180 128 182 1 0 0 0 0 0
19 182 183 185 128 1 0 0 0 0
3 183 0.91 0 0 0 0 0 0 0
13 184 178 185 203 1 0 0 0 0
3 186 1 0 0 0 0 0 0 0
19 186 178 189 184 1 0 0 0 0
15 187 0 0 0 0 0 0 0 0
3 188 0.2 0 0 0 0 0 0 0
13 187 188 189 204 1 0 0 0 0
3 190 600 0 0 0 0 0 0 0
3 191 1000 0 0 0 0 0 0 0
3 192 10.5 0 0 0 0 0 0 0
13 187 192 193 205 1 0 0 0 0
19 190 191 193 194 1 0 0 0 0
3 195 35 0 0 0 0 0 0 0
3 196 25 0 0 0 0 0 0 0
3 197 10.5 0 0 0 0 0 0 0
13 187 197 198 206 1 0 0 0 0
19 195 196 198 199 1 0 0 0 0
7 207 210 0.001 0 0 0 0 0 0
7 208 211 0.001 0 0 0 0 0 0
7 209 212 0.001 0 0 0 0 0 0
8 210 211 212 213 214 0 0 0 0
12 213 214 215 216 1 0 0 0 0
10 213 214 216 217 218 0 0 0 0
7 219 222 -0.001 0 0 0 0 0 0
7 220 223 -0.001 0 0 0 0 0 0
7 221 224 -0.001 0 0 0 0 0 0
8 222 223 224 225 226 0 0 0 0
10 225 226 216 227 228 0 0 0 0
1 213 225 229 3 0 0 0 0 0
1 214 226 230 3 0 0 0 0 0
1 229 230 231 1 0 0 0 0 0
7 231 232 1.5 0 0 0 0 0 0
1 213 226 233 3 0 0 0 0 0
1 214 225 234 3 0 0 0 0 0
1 234 233 235 2 0 0 0 0 0
7 235 236 1.5 0 0 0 0 0 0
1 237 232 239 2 0 0 0 0 0
2 239 240 1 0.01 0 0 0 0 0
14 240 286 0.13 -0.13 0 0 0 0 0
1 236 238 242 2 0 0 0 0 0
2 242 243 1 0.01 0 0 0 0 0
14 243 287 0.13 -0.13 0 0 0 0 0
1 241 227 281 2 0 0 0 0 0
2 281 282 5 0.4 0 0 0 0 0
14 282 283 0.15 -0.15 0 0 0 0 0
1 283 217 284 1 0 0 0 0 0
3 245 1.57079632679 0 0 0 0 0 0 0
1 228 245 246 3 0 0 0 0 0
1 284 246 247 2 0 0 0 0 0
1 244 228 248 2 0 0 0 0 0
2 248 249 5 0.4 0.15 -0.15 0 0 0
14 249 250 0.15 -0.15 0 0 0 0 0
1 250 218 285 1 0 0 0 0 0
1 227 245 251 3 0 0 0 0 0
1 285 251 252 1 0 0 0 0 0
7 247 253 2 0 0 0 0 0 0
7 252 254 2 0 0 0 0 0 0
7 255 256 -0.001 0 0 0 0 0 0
1 253 256 257 4 0 0 0 0 0
1 254 256 258 4 0 0 0 0 0
12 257 258 259 260 1 0 0 0 0
14 259 261 2 0 0 0 0 0 0
12 261 260 262 263 2 0 0 0 0
11 262 263 311 264 265 0 0 0 0
9 264 265 266 267 268 0 0 0 0
5 269 5000 1 -1 0.5 180 0 0 0
15 272 0 0 0 0 0 0 0 0
3 273 10.3 0 0 0 0 0 0 0
3 270 -0.01 0 0 0 0 0 0 0
3 271 0.0 0 0 0 0 0 0 0
13 272 273 274 279 1 0 0 0 0
19 270 271 274 237 1 0 0 0 0
3 275 0.02 0 0 0 0 0 0 0
3 276 0.0 0 0 0 0 0 0 0
3 277 10.5 0 0 0 0 0 0 0
13 272 277 278 280 1 0 0 0 0
19 275 276 278 238 1 0 0 0 0
3 288 0.311 0 0 0 0 0 0 0
1 288 217 289 2 0 0 0 0 0
2 289 290 5 0.4 0 0 0 0 0
14 290 291 0.015 -0.015 0 0 0 0 0
1 291 227 292 1 0 0 0 0 0
1 218 293 294 3 0 0 0 0 0
3 293 0.022965 0 0 0 0 0 0 0
1 292 294 295 2 0 0 0 0 0
3 296 0 0 0 0 0 0 0 0
1 296 218 297 2 0 0 0 0 0
2 297 298 5 0.4 0 0 0 0 0
14 298 299 0.01 -0.01 0 0 0 0 0
1 299 228 300 1 0 0 0 0 0
1 217 293 301 3 0 0 0 0 0
1 301 300 302 1 0 0 0 0 0
3 303 0.499996 0 0 0 0 0 0 0
13 272 303 304 305 1 0 0 0 0
19 295 286 304 241 1 0 0 0 0
19 302 287 304 244 1 0 0 0 0
20 272 304 306 0 0 0 0 0 0
20 216 304 307 0 0 0 0 0 0
1 272 306 308 2 0 0 0 0 0
7 308 309 314.15927 0 0 0 0 0 0
1 309 307 310 1 0 0 0 0 0
19 310 216 304 311 1 0 0 0 0