   1.0000000e+00   1.0000000e+00   1.0000000e+00
   1.0000000e+00   2.0000000e+00   2.0000000e+00
   1.0000000e+00   3.0000000e+00   3.0000000e+00
   1.0000000e+00   1.0000000e+00   1.5000000e+01
   1.0000000e+00   2.0000000e+00   1.6000000e+01
   1.0000000e+00   3.0000000e+00   1.7000000e+01
   3.0000000e+00   2.0000000e+00   2.3000000e+01
   3.0000000e+00   3.0000000e+00   2.4000000e+01
   3.0000000e+00   4.0000000e+00   2.5000000e+01
   1.0000000e+00   4.0000000e+00   8.4000000e+01
   1.0000000e+00   5.0000000e+00   8.5000000e+01
   1.0000000e+00   6.0000000e+00   8.6000000e+01
   1.0000000e+00   7.0000000e+00   8.7000000e+01
   1.0000000e+00   8.0000000e+00   8.8000000e+01
   1.0000000e+00   6.0000000e+00   1.0000000e+02
   1.0000000e+00   7.0000000e+00   1.0100000e+02
   1.0000000e+00   8.0000000e+00   1.0200000e+02
   3.0000000e+00   7.0000000e+00   1.0800000e+02
   3.0000000e+00   8.0000000e+00   1.0900000e+02
   3.0000000e+00   9.0000000e+00   1.1000000e+02
   1.0000000e+00   9.0000000e+00   1.6900000e+02
   1.0000000e+00   1.0000000e+01   1.7000000e+02
   1.0000000e+00   1.1000000e+01   1.7100000e+02
   1.0000000e+00   1.2000000e+01   1.7200000e+02
   1.0000000e+00   1.3000000e+01   1.7300000e+02
   1.0000000e+00   1.1000000e+01   1.8500000e+02
   1.0000000e+00   1.2000000e+01   1.8600000e+02
   1.0000000e+00   1.3000000e+01   1.8700000e+02
   3.0000000e+00   1.2000000e+01   1.9300000e+02
   3.0000000e+00   1.3000000e+01   1.9400000e+02
   3.0000000e+00   1.4000000e+01   1.9500000e+02
   1.0000000e+00   1.4000000e+01   2.5400000e+02
   1.0000000e+00   1.5000000e+01   2.5500000e+02
   1.0000000e+00   1.6000000e+01   2.5600000e+02
   1.0000000e+00   1.7000000e+01   2.5700000e+02
   1.0000000e+00   1.8000000e+01   2.5800000e+02
   1.0000000e+00   1.6000000e+01   2.7000000e+02
   1.0000000e+00   1.7000000e+01   2.7100000e+02
   1.0000000e+00   1.8000000e+01   2.7200000e+02
   3.0000000e+00   1.7000000e+01   2.7800000e+02
   3.0000000e+00   1.8000000e+01   2.7900000e+02
   3.0000000e+00   1.9000000e+01   2.8000000e+02
   1.0000000e+00   1.9000000e+01   3.3900000e+02
   1.0000000e+00   2.0000000e+01   3.4000000e+02
   1.0000000e+00   2.1000000e+01   3.4100000e+02
   1.0000000e+00   2.2000000e+01   3.4200000e+02
   1.0000000e+00   2.3000000e+01   3.4300000e+02
   1.0000000e+00   2.1000000e+01   3.5500000e+02
   1.0000000e+00   2.2000000e+01   3.5600000e+02
   1.0000000e+00   2.3000000e+01   3.5700000e+02
   3.0000000e+00   2.2000000e+01   3.6300000e+02
   3.0000000e+00   2.3000000e+01   3.6400000e+02
   3.0000000e+00   2.4000000e+01   3.6500000e+02
   1.0000000e+00   2.4000000e+01   4.2400000e+02
   1.0000000e+00   2.5000000e+01   4.2500000e+02
   1.0000000e+00   2.6000000e+01   4.2600000e+02
   1.0000000e+00   2.7000000e+01   4.2700000e+02
   1.0000000e+00   2.8000000e+01   4.2800000e+02
   1.0000000e+00   2.6000000e+01   4.4000000e+02
   1.0000000e+00   2.7000000e+01   4.4100000e+02
   1.0000000e+00   2.8000000e+01   4.4200000e+02
   3.0000000e+00   2.7000000e+01   4.4800000e+02
   3.0000000e+00   2.8000000e+01   4.4900000e+02
   3.0000000e+00   2.9000000e+01   4.5000000e+02
   1.0000000e+00   2.9000000e+01   5.0900000e+02
   1.0000000e+00   3.0000000e+01   5.1000000e+02
   1.0000000e+00   3.1000000e+01   5.1100000e+02
   1.0000000e+00   3.2000000e+01   5.1200000e+02
   1.0000000e+00   3.3000000e+01   5.1300000e+02
   1.0000000e+00   3.1000000e+01   5.2500000e+02
   1.0000000e+00   3.2000000e+01   5.2600000e+02
   1.0000000e+00   3.3000000e+01   5.2700000e+02
   3.0000000e+00   3.2000000e+01   5.3300000e+02
   3.0000000e+00   3.3000000e+01   5.3400000e+02
   3.0000000e+00   3.4000000e+01   5.3500000e+02
   1.0000000e+00   3.4000000e+01   5.9400000e+02
   1.0000000e+00   3.5000000e+01   5.9500000e+02
   1.0000000e+00   3.6000000e+01   5.9600000e+02
   1.0000000e+00   3.7000000e+01   5.9700000e+02
   1.0000000e+00   3.8000000e+01   5.9800000e+02
   1.0000000e+00   3.6000000e+01   6.1000000e+02
   1.0000000e+00   3.7000000e+01   6.1100000e+02
   1.0000000e+00   3.8000000e+01   6.1200000e+02
   3.0000000e+00   3.7000000e+01   6.1800000e+02
   3.0000000e+00   3.8000000e+01   6.1900000e+02
   3.0000000e+00   3.9000000e+01   6.2000000e+02
   1.0000000e+00   3.9000000e+01   6.7900000e+02
   1.0000000e+00   4.0000000e+01   6.8000000e+02
   1.0000000e+00   4.1000000e+01   6.8100000e+02
   1.0000000e+00   4.2000000e+01   6.8200000e+02
   1.0000000e+00   4.3000000e+01   6.8300000e+02
   1.0000000e+00   4.1000000e+01   6.9500000e+02
   1.0000000e+00   4.2000000e+01   6.9600000e+02
   1.0000000e+00   4.3000000e+01   6.9700000e+02
   3.0000000e+00   4.2000000e+01   7.0300000e+02
   3.0000000e+00   4.3000000e+01   7.0400000e+02
   3.0000000e+00   4.4000000e+01   7.0500000e+02
   1.0000000e+00   4.4000000e+01   7.6400000e+02
   1.0000000e+00   4.5000000e+01   7.6500000e+02
   1.0000000e+00   4.6000000e+01   7.6600000e+02
   1.0000000e+00   4.7000000e+01   7.6700000e+02
   1.0000000e+00   4.8000000e+01   7.6800000e+02
   1.0000000e+00   4.6000000e+01   7.8000000e+02
   1.0000000e+00   4.7000000e+01   7.8100000e+02
   1.0000000e+00   4.8000000e+01   7.8200000e+02
   3.0000000e+00   4.7000000e+01   7.8800000e+02
   3.0000000e+00   4.8000000e+01   7.8900000e+02
   3.0000000e+00   4.9000000e+01   7.9000000e+02
   1.0000000e+00   4.9000000e+01   8.4900000e+02
   1.0000000e+00   5.0000000e+01   8.5000000e+02
   1.0000000e+00   5.1000000e+01   8.5100000e+02
   1.0000000e+00   5.2000000e+01   8.5200000e+02
   1.0000000e+00   5.3000000e+01   8.5300000e+02
   1.0000000e+00   5.1000000e+01   8.6500000e+02
   1.0000000e+00   5.2000000e+01   8.6600000e+02
   1.0000000e+00   5.3000000e+01   8.6700000e+02
   3.0000000e+00   5.2000000e+01   8.7300000e+02
   3.0000000e+00   5.3000000e+01   8.7400000e+02
   3.0000000e+00   5.4000000e+01   8.7500000e+02
   1.0000000e+00   5.4000000e+01   9.3400000e+02
   1.0000000e+00   5.5000000e+01   9.3500000e+02
   1.0000000e+00   5.6000000e+01   9.3600000e+02
   1.0000000e+00   5.7000000e+01   9.3700000e+02
   1.0000000e+00   5.8000000e+01   9.3800000e+02
   1.0000000e+00   5.6000000e+01   9.5000000e+02
   1.0000000e+00   5.7000000e+01   9.5100000e+02
   1.0000000e+00   5.8000000e+01   9.5200000e+02
   3.0000000e+00   5.7000000e+01   9.5800000e+02
   3.0000000e+00   5.8000000e+01   9.5900000e+02
   3.0000000e+00   5.9000000e+01   9.6000000e+02
   1.0000000e+00   5.9000000e+01   1.0190000e+03
   1.0000000e+00   6.0000000e+01   1.0200000e+03
   1.0000000e+00   6.1000000e+01   1.0210000e+03
   1.0000000e+00   6.2000000e+01   1.0220000e+03
   1.0000000e+00   6.3000000e+01   1.0230000e+03
   1.0000000e+00   6.1000000e+01   1.0350000e+03
   1.0000000e+00   6.2000000e+01   1.0360000e+03
   1.0000000e+00   6.3000000e+01   1.0370000e+03
   3.0000000e+00   6.2000000e+01   1.0430000e+03
   3.0000000e+00   6.3000000e+01   1.0440000e+03
   3.0000000e+00   6.4000000e+01   1.0450000e+03
   1.0000000e+00   6.4000000e+01   1.1040000e+03
   1.0000000e+00   6.5000000e+01   1.1050000e+03
   1.0000000e+00   6.6000000e+01   1.1060000e+03
   1.0000000e+00   6.7000000e+01   1.1070000e+03
   1.0000000e+00   6.8000000e+01   1.1080000e+03
   1.0000000e+00   6.6000000e+01   1.1200000e+03
   1.0000000e+00   6.7000000e+01   1.1210000e+03
   1.0000000e+00   6.8000000e+01   1.1220000e+03
   3.0000000e+00   6.7000000e+01   1.1280000e+03
   3.0000000e+00   6.8000000e+01   1.1290000e+03
   3.0000000e+00   6.9000000e+01   1.1300000e+03
   1.0000000e+00   6.9000000e+01   1.1890000e+03
   1.0000000e+00   7.0000000e+01   1.1900000e+03
   1.0000000e+00   7.1000000e+01   1.1910000e+03
   1.0000000e+00   7.2000000e+01   1.1920000e+03
   1.0000000e+00   7.3000000e+01   1.1930000e+03
   1.0000000e+00   7.1000000e+01   1.2050000e+03
   1.0000000e+00   7.2000000e+01   1.2060000e+03
   1.0000000e+00   7.3000000e+01   1.2070000e+03
   3.0000000e+00   7.2000000e+01   1.2130000e+03
   3.0000000e+00   7.3000000e+01   1.2140000e+03
   3.0000000e+00   7.4000000e+01   1.2150000e+03
   1.0000000e+00   7.4000000e+01   1.2740000e+03
   1.0000000e+00   7.5000000e+01   1.2750000e+03
   1.0000000e+00   7.6000000e+01   1.2760000e+03
   1.0000000e+00   7.7000000e+01   1.2770000e+03
   1.0000000e+00   7.8000000e+01   1.2780000e+03
   1.0000000e+00   7.6000000e+01   1.2900000e+03
   1.0000000e+00   7.7000000e+01   1.2910000e+03
   1.0000000e+00   7.8000000e+01   1.2920000e+03
   3.0000000e+00   7.7000000e+01   1.2980000e+03
   3.0000000e+00   7.8000000e+01   1.2990000e+03
   3.0000000e+00   7.9000000e+01   1.3000000e+03
   1.0000000e+00   7.9000000e+01   1.3590000e+03
   1.0000000e+00   8.0000000e+01   1.3600000e+03
   1.0000000e+00   8.1000000e+01   1.3610000e+03
   1.0000000e+00   8.2000000e+01   1.3620000e+03
   1.0000000e+00   8.3000000e+01   1.3630000e+03
   1.0000000e+00   8.1000000e+01   1.3750000e+03
   1.0000000e+00   8.2000000e+01   1.3760000e+03
   1.0000000e+00   8.3000000e+01   1.3770000e+03
   3.0000000e+00   8.2000000e+01   1.3830000e+03
   3.0000000e+00   8.3000000e+01   1.3840000e+03
   3.0000000e+00   8.4000000e+01   1.3850000e+03
   1.0000000e+00   8.4000000e+01   1.4440000e+03
   1.0000000e+00   8.5000000e+01   1.4450000e+03
   1.0000000e+00   8.6000000e+01   1.4460000e+03
   1.0000000e+00   8.7000000e+01   1.4470000e+03
   1.0000000e+00   8.8000000e+01   1.4480000e+03
   1.0000000e+00   8.6000000e+01   1.4600000e+03
   1.0000000e+00   8.7000000e+01   1.4610000e+03
   1.0000000e+00   8.8000000e+01   1.4620000e+03
   3.0000000e+00   8.7000000e+01   1.4680000e+03
   3.0000000e+00   8.8000000e+01   1.4690000e+03
   3.0000000e+00   8.9000000e+01   1.4700000e+03
   1.0000000e+00   8.9000000e+01   1.5290000e+03
   1.0000000e+00   9.0000000e+01   1.5300000e+03
   1.0000000e+00   9.1000000e+01   1.5310000e+03
   1.0000000e+00   9.2000000e+01   1.5320000e+03
   1.0000000e+00   9.3000000e+01   1.5330000e+03
   1.0000000e+00   9.1000000e+01   1.5450000e+03
   1.0000000e+00   9.2000000e+01   1.5460000e+03
   1.0000000e+00   9.3000000e+01   1.5470000e+03
   3.0000000e+00   9.2000000e+01   1.5530000e+03
   3.0000000e+00   9.3000000e+01   1.5540000e+03
   3.0000000e+00   9.4000000e+01   1.5550000e+03
   1.0000000e+00   9.4000000e+01   1.6140000e+03
   1.0000000e+00   9.5000000e+01   1.6150000e+03
   1.0000000e+00   9.6000000e+01   1.6160000e+03
   1.0000000e+00   9.7000000e+01   1.6170000e+03
   1.0000000e+00   9.8000000e+01   1.6180000e+03
   1.0000000e+00   9.6000000e+01   1.6300000e+03
   1.0000000e+00   9.7000000e+01   1.6310000e+03
   1.0000000e+00   9.8000000e+01   1.6320000e+03
   3.0000000e+00   9.7000000e+01   1.6380000e+03
   3.0000000e+00   9.8000000e+01   1.6390000e+03
   3.0000000e+00   9.9000000e+01   1.6400000e+03
   1.0000000e+00   9.9000000e+01   1.6990000e+03
   1.0000000e+00   1.0000000e+02   1.7000000e+03
   1.0000000e+00   1.0100000e+02   1.7010000e+03
   1.0000000e+00   1.0200000e+02   1.7020000e+03
   1.0000000e+00   1.0300000e+02   1.7030000e+03
   1.0000000e+00   1.0100000e+02   1.7150000e+03
   1.0000000e+00   1.0200000e+02   1.7160000e+03
   1.0000000e+00   1.0300000e+02   1.7170000e+03
   3.0000000e+00   1.0200000e+02   1.7230000e+03
   3.0000000e+00   1.0300000e+02   1.7240000e+03
   3.0000000e+00   1.0400000e+02   1.7250000e+03
   1.0000000e+00   1.0400000e+02   1.7840000e+03
   1.0000000e+00   1.0500000e+02   1.7850000e+03
   1.0000000e+00   1.0600000e+02   1.7860000e+03
   1.0000000e+00   1.0700000e+02   1.7870000e+03
   1.0000000e+00   1.0800000e+02   1.7880000e+03
   1.0000000e+00   1.0600000e+02   1.8000000e+03
   1.0000000e+00   1.0700000e+02   1.8010000e+03
   1.0000000e+00   1.0800000e+02   1.8020000e+03
   3.0000000e+00   1.0700000e+02   1.8080000e+03
   3.0000000e+00   1.0800000e+02   1.8090000e+03
   3.0000000e+00   1.0900000e+02   1.8100000e+03
   1.0000000e+00   1.0900000e+02   1.8690000e+03
   1.0000000e+00   1.1000000e+02   1.8700000e+03
   1.0000000e+00   1.1100000e+02   1.8710000e+03
   1.0000000e+00   1.1200000e+02   1.8720000e+03
   1.0000000e+00   1.1300000e+02   1.8730000e+03
   1.0000000e+00   1.1100000e+02   1.8850000e+03
   1.0000000e+00   1.1200000e+02   1.8860000e+03
   1.0000000e+00   1.1300000e+02   1.8870000e+03
   3.0000000e+00   1.1200000e+02   1.8930000e+03
   3.0000000e+00   1.1300000e+02   1.8940000e+03
   3.0000000e+00   1.1400000e+02   1.8950000e+03
   1.0000000e+00   1.1400000e+02   1.9540000e+03
   1.0000000e+00   1.1500000e+02   1.9550000e+03
   1.0000000e+00   1.1600000e+02   1.9560000e+03
   1.0000000e+00   1.1700000e+02   1.9570000e+03
   1.0000000e+00   1.1800000e+02   1.9580000e+03
   1.0000000e+00   1.1600000e+02   1.9700000e+03
   1.0000000e+00   1.1700000e+02   1.9710000e+03
   1.0000000e+00   1.1800000e+02   1.9720000e+03
   3.0000000e+00   1.1700000e+02   1.9780000e+03
   3.0000000e+00   1.1800000e+02   1.9790000e+03
   3.0000000e+00   1.1900000e+02   1.9800000e+03
   1.0000000e+00   1.1900000e+02   2.0390000e+03
   1.0000000e+00   1.2000000e+02   2.0400000e+03
   1.0000000e+00   1.2100000e+02   2.0410000e+03
   1.0000000e+00   1.2200000e+02   2.0420000e+03
   1.0000000e+00   1.2300000e+02   2.0430000e+03
   1.0000000e+00   1.2100000e+02   2.0550000e+03
   1.0000000e+00   1.2200000e+02   2.0560000e+03
   1.0000000e+00   1.2300000e+02   2.0570000e+03
   3.0000000e+00   1.2200000e+02   2.0630000e+03
   3.0000000e+00   1.2300000e+02   2.0640000e+03
   3.0000000e+00   1.2400000e+02   2.0650000e+03
   1.0000000e+00   1.2400000e+02   2.1240000e+03
   1.0000000e+00   1.2500000e+02   2.1250000e+03
   1.0000000e+00   1.2600000e+02   2.1260000e+03
   1.0000000e+00   1.2700000e+02   2.1270000e+03
   1.0000000e+00   1.2800000e+02   2.1280000e+03
   1.0000000e+00   1.2600000e+02   2.1400000e+03
   1.0000000e+00   1.2700000e+02   2.1410000e+03
   1.0000000e+00   1.2800000e+02   2.1420000e+03
   3.0000000e+00   1.2700000e+02   2.1480000e+03
   3.0000000e+00   1.2800000e+02   2.1490000e+03
   3.0000000e+00   1.2900000e+02   2.1500000e+03
   1.0000000e+00   1.2900000e+02   2.2090000e+03
   1.0000000e+00   1.3000000e+02   2.2100000e+03
   1.0000000e+00   1.3100000e+02   2.2110000e+03
   1.0000000e+00   1.3200000e+02   2.2120000e+03
   1.0000000e+00   1.3300000e+02   2.2130000e+03
   1.0000000e+00   1.3100000e+02   2.2250000e+03
   1.0000000e+00   1.3200000e+02   2.2260000e+03
   1.0000000e+00   1.3300000e+02   2.2270000e+03
   3.0000000e+00   1.3200000e+02   2.2330000e+03
   3.0000000e+00   1.3300000e+02   2.2340000e+03
   3.0000000e+00   1.3400000e+02   2.2350000e+03
   1.0000000e+00   1.3400000e+02   2.2940000e+03
   1.0000000e+00   1.3500000e+02   2.2950000e+03
   1.0000000e+00   1.3600000e+02   2.2960000e+03
   1.0000000e+00   1.3700000e+02   2.2970000e+03
   1.0000000e+00   1.3800000e+02   2.2980000e+03
   1.0000000e+00   1.3600000e+02   2.3100000e+03
   1.0000000e+00   1.3700000e+02   2.3110000e+03
   1.0000000e+00   1.3800000e+02   2.3120000e+03
   3.0000000e+00   1.3700000e+02   2.3180000e+03
   3.0000000e+00   1.3800000e+02   2.3190000e+03
   3.0000000e+00   1.3900000e+02   2.3200000e+03
   1.0000000e+00   1.3900000e+02   2.3790000e+03
   1.0000000e+00   1.4000000e+02   2.3800000e+03
   1.0000000e+00   1.4100000e+02   2.3810000e+03
   1.0000000e+00   1.4200000e+02   2.3820000e+03
   1.0000000e+00   1.4300000e+02   2.3830000e+03
   1.0000000e+00   1.4100000e+02   2.3950000e+03
   1.0000000e+00   1.4200000e+02   2.3960000e+03
   1.0000000e+00   1.4300000e+02   2.3970000e+03
   3.0000000e+00   1.4200000e+02   2.4030000e+03
   3.0000000e+00   1.4300000e+02   2.4040000e+03
   3.0000000e+00   1.4400000e+02   2.4050000e+03
   1.0000000e+00   1.4400000e+02   2.4640000e+03
   1.0000000e+00   1.4500000e+02   2.4650000e+03
   1.0000000e+00   1.4600000e+02   2.4660000e+03
   1.0000000e+00   1.4700000e+02   2.4670000e+03
   1.0000000e+00   1.4800000e+02   2.4680000e+03
   1.0000000e+00   1.4600000e+02   2.4800000e+03
   1.0000000e+00   1.4700000e+02   2.4810000e+03
   1.0000000e+00   1.4800000e+02   2.4820000e+03
   3.0000000e+00   1.4700000e+02   2.4880000e+03
   3.0000000e+00   1.4800000e+02   2.4890000e+03
   3.0000000e+00   1.4900000e+02   2.4900000e+03
   1.0000000e+00   1.4900000e+02   2.5490000e+03
   1.0000000e+00   1.5000000e+02   2.5500000e+03
   1.0000000e+00   1.5100000e+02   2.5510000e+03
   1.0000000e+00   1.5200000e+02   2.5520000e+03
   1.0000000e+00   1.5300000e+02   2.5530000e+03
   1.0000000e+00   1.5100000e+02   2.5650000e+03
   1.0000000e+00   1.5200000e+02   2.5660000e+03
   1.0000000e+00   1.5300000e+02   2.5670000e+03
   3.0000000e+00   1.5200000e+02   2.5730000e+03
   3.0000000e+00   1.5300000e+02   2.5740000e+03
   3.0000000e+00   1.5400000e+02   2.5750000e+03
   1.0000000e+00   1.5400000e+02   2.6340000e+03
   1.0000000e+00   1.5500000e+02   2.6350000e+03
   1.0000000e+00   1.5600000e+02   2.6360000e+03
   1.0000000e+00   1.5700000e+02   2.6370000e+03
   1.0000000e+00   1.5800000e+02   2.6380000e+03
   1.0000000e+00   1.5600000e+02   2.6500000e+03
   1.0000000e+00   1.5700000e+02   2.6510000e+03
   1.0000000e+00   1.5800000e+02   2.6520000e+03
   3.0000000e+00   1.5700000e+02   2.6580000e+03
   3.0000000e+00   1.5800000e+02   2.6590000e+03
   3.0000000e+00   1.5900000e+02   2.6600000e+03
   1.0000000e+00   1.5900000e+02   2.7190000e+03
   1.0000000e+00   1.6000000e+02   2.7200000e+03
   1.0000000e+00   1.6100000e+02   2.7210000e+03
   1.0000000e+00   1.6200000e+02   2.7220000e+03
   1.0000000e+00   1.6300000e+02   2.7230000e+03
   1.0000000e+00   1.6100000e+02   2.7350000e+03
   1.0000000e+00   1.6200000e+02   2.7360000e+03
   1.0000000e+00   1.6300000e+02   2.7370000e+03
   3.0000000e+00   1.6200000e+02   2.7430000e+03
   3.0000000e+00   1.6300000e+02   2.7440000e+03
   3.0000000e+00   1.6400000e+02   2.7450000e+03
   1.0000000e+00   1.6400000e+02   2.8040000e+03
   1.0000000e+00   1.6500000e+02   2.8050000e+03
   1.0000000e+00   1.6600000e+02   2.8060000e+03
   1.0000000e+00   1.6700000e+02   2.8070000e+03
   1.0000000e+00   1.6800000e+02   2.8080000e+03
   1.0000000e+00   1.6600000e+02   2.8200000e+03
   1.0000000e+00   1.6700000e+02   2.8210000e+03
   1.0000000e+00   1.6800000e+02   2.8220000e+03
   3.0000000e+00   1.6700000e+02   2.8280000e+03
   3.0000000e+00   1.6800000e+02   2.8290000e+03
   3.0000000e+00   1.6900000e+02   2.8300000e+03
   1.0000000e+00   1.6900000e+02   2.8890000e+03
   1.0000000e+00   1.7000000e+02   2.8900000e+03
   1.0000000e+00   1.7100000e+02   2.8910000e+03
   1.0000000e+00   1.7200000e+02   2.8920000e+03
   1.0000000e+00   1.7300000e+02   2.8930000e+03
   1.0000000e+00   1.7100000e+02   2.9050000e+03
   1.0000000e+00   1.7200000e+02   2.9060000e+03
   1.0000000e+00   1.7300000e+02   2.9070000e+03
   3.0000000e+00   1.7200000e+02   2.9130000e+03
   3.0000000e+00   1.7300000e+02   2.9140000e+03
   3.0000000e+00   1.7400000e+02   2.9150000e+03
   1.0000000e+00   1.7400000e+02   2.9740000e+03
   1.0000000e+00   1.7500000e+02   2.9750000e+03
   1.0000000e+00   1.7600000e+02   2.9760000e+03
   1.0000000e+00   1.7700000e+02   2.9770000e+03
   1.0000000e+00   1.7800000e+02   2.9780000e+03
   1.0000000e+00   1.7600000e+02   2.9900000e+03
   1.0000000e+00   1.7700000e+02   2.9910000e+03
   1.0000000e+00   1.7800000e+02   2.9920000e+03
   3.0000000e+00   1.7700000e+02   2.9980000e+03
   3.0000000e+00   1.7800000e+02   2.9990000e+03
   3.0000000e+00   1.7900000e+02   3.0000000e+03
   1.0000000e+00   1.7900000e+02   3.0590000e+03
   1.0000000e+00   1.8000000e+02   3.0600000e+03
   1.0000000e+00   1.8100000e+02   3.0610000e+03
   1.0000000e+00   1.8200000e+02   3.0620000e+03
   1.0000000e+00   1.8300000e+02   3.0630000e+03
   1.0000000e+00   1.8100000e+02   3.0750000e+03
   1.0000000e+00   1.8200000e+02   3.0760000e+03
   1.0000000e+00   1.8300000e+02   3.0770000e+03
   3.0000000e+00   1.8200000e+02   3.0830000e+03
   3.0000000e+00   1.8300000e+02   3.0840000e+03
   3.0000000e+00   1.8400000e+02   3.0850000e+03
   1.0000000e+00   1.8400000e+02   3.1440000e+03
   1.0000000e+00   1.8500000e+02   3.1450000e+03
   1.0000000e+00   1.8600000e+02   3.1460000e+03
   1.0000000e+00   1.8700000e+02   3.1470000e+03
   1.0000000e+00   1.8800000e+02   3.1480000e+03
   1.0000000e+00   1.8600000e+02   3.1600000e+03
   1.0000000e+00   1.8700000e+02   3.1610000e+03
   1.0000000e+00   1.8800000e+02   3.1620000e+03
   3.0000000e+00   1.8700000e+02   3.1680000e+03
   3.0000000e+00   1.8800000e+02   3.1690000e+03
   3.0000000e+00   1.8900000e+02   3.1700000e+03
   1.0000000e+00   1.8900000e+02   3.2290000e+03
   1.0000000e+00   1.9000000e+02   3.2300000e+03
   1.0000000e+00   1.9100000e+02   3.2310000e+03
   1.0000000e+00   1.9200000e+02   3.2320000e+03
   1.0000000e+00   1.9300000e+02   3.2330000e+03
   1.0000000e+00   1.9100000e+02   3.2450000e+03
   1.0000000e+00   1.9200000e+02   3.2460000e+03
   1.0000000e+00   1.9300000e+02   3.2470000e+03
   3.0000000e+00   1.9200000e+02   3.2530000e+03
   3.0000000e+00   1.9300000e+02   3.2540000e+03
   3.0000000e+00   1.9400000e+02   3.2550000e+03
   1.0000000e+00   1.9400000e+02   3.3140000e+03
   1.0000000e+00   1.9500000e+02   3.3150000e+03
   1.0000000e+00   1.9600000e+02   3.3160000e+03
   1.0000000e+00   1.9700000e+02   3.3170000e+03
   1.0000000e+00   1.9800000e+02   3.3180000e+03
   1.0000000e+00   1.9600000e+02   3.3300000e+03
   1.0000000e+00   1.9700000e+02   3.3310000e+03
   1.0000000e+00   1.9800000e+02   3.3320000e+03
   3.0000000e+00   1.9700000e+02   3.3380000e+03
   3.0000000e+00   1.9800000e+02   3.3390000e+03
   3.0000000e+00   1.9900000e+02   3.3400000e+03
   1.0000000e+00   1.9900000e+02   3.3990000e+03
   1.0000000e+00   2.0000000e+02   3.4000000e+03
   1.0000000e+00   2.0100000e+02   3.4010000e+03
   1.0000000e+00   2.0200000e+02   3.4020000e+03
   1.0000000e+00   2.0300000e+02   3.4030000e+03
   1.0000000e+00   2.0100000e+02   3.4150000e+03
   1.0000000e+00   2.0200000e+02   3.4160000e+03
   1.0000000e+00   2.0300000e+02   3.4170000e+03
   3.0000000e+00   2.0200000e+02   3.4230000e+03
   3.0000000e+00   2.0300000e+02   3.4240000e+03
   3.0000000e+00   2.0400000e+02   3.4250000e+03
   1.0000000e+00   2.0400000e+02   3.4840000e+03
   1.0000000e+00   2.0500000e+02   3.4850000e+03
   1.0000000e+00   2.0600000e+02   3.4860000e+03
   1.0000000e+00   2.0700000e+02   3.4870000e+03
   1.0000000e+00   2.0800000e+02   3.4880000e+03
   1.0000000e+00   2.0600000e+02   3.5000000e+03
   1.0000000e+00   2.0700000e+02   3.5010000e+03
   1.0000000e+00   2.0800000e+02   3.5020000e+03
   3.0000000e+00   2.0700000e+02   3.5080000e+03
   3.0000000e+00   2.0800000e+02   3.5090000e+03
   3.0000000e+00   2.0900000e+02   3.5100000e+03
   1.0000000e+00   2.0900000e+02   3.5690000e+03
   1.0000000e+00   2.1000000e+02   3.5700000e+03
   1.0000000e+00   2.1100000e+02   3.5710000e+03
   1.0000000e+00   2.1200000e+02   3.5720000e+03
   1.0000000e+00   2.1300000e+02   3.5730000e+03
   1.0000000e+00   2.1100000e+02   3.5850000e+03
   1.0000000e+00   2.1200000e+02   3.5860000e+03
   1.0000000e+00   2.1300000e+02   3.5870000e+03
   3.0000000e+00   2.1200000e+02   3.5930000e+03
   3.0000000e+00   2.1300000e+02   3.5940000e+03
   3.0000000e+00   2.1400000e+02   3.5950000e+03
   1.0000000e+00   2.1400000e+02   3.6540000e+03
   1.0000000e+00   2.1500000e+02   3.6550000e+03
   1.0000000e+00   2.1600000e+02   3.6560000e+03
   1.0000000e+00   2.1700000e+02   3.6570000e+03
   1.0000000e+00   2.1800000e+02   3.6580000e+03
   1.0000000e+00   2.1600000e+02   3.6700000e+03
   1.0000000e+00   2.1700000e+02   3.6710000e+03
   1.0000000e+00   2.1800000e+02   3.6720000e+03
   3.0000000e+00   2.1700000e+02   3.6780000e+03
   3.0000000e+00   2.1800000e+02   3.6790000e+03
   3.0000000e+00   2.1900000e+02   3.6800000e+03
   1.0000000e+00   2.1900000e+02   3.7390000e+03
   1.0000000e+00   2.2000000e+02   3.7400000e+03
   1.0000000e+00   2.2100000e+02   3.7410000e+03
   1.0000000e+00   2.2200000e+02   3.7420000e+03
   1.0000000e+00   2.2300000e+02   3.7430000e+03
   1.0000000e+00   2.2100000e+02   3.7550000e+03
   1.0000000e+00   2.2200000e+02   3.7560000e+03
   1.0000000e+00   2.2300000e+02   3.7570000e+03
   3.0000000e+00   2.2200000e+02   3.7630000e+03
   3.0000000e+00   2.2300000e+02   3.7640000e+03
   3.0000000e+00   2.2400000e+02   3.7650000e+03
   1.0000000e+00   2.2400000e+02   3.8240000e+03
   1.0000000e+00   2.2500000e+02   3.8250000e+03
   1.0000000e+00   2.2600000e+02   3.8260000e+03
   1.0000000e+00   2.2700000e+02   3.8270000e+03
   1.0000000e+00   2.2800000e+02   3.8280000e+03
   1.0000000e+00   2.2600000e+02   3.8400000e+03
   1.0000000e+00   2.2700000e+02   3.8410000e+03
   1.0000000e+00   2.2800000e+02   3.8420000e+03
   3.0000000e+00   2.2700000e+02   3.8480000e+03
   3.0000000e+00   2.2800000e+02   3.8490000e+03
   3.0000000e+00   2.2900000e+02   3.8500000e+03
   1.0000000e+00   2.2900000e+02   3.9090000e+03
   1.0000000e+00   2.3000000e+02   3.9100000e+03
   1.0000000e+00   2.3100000e+02   3.9110000e+03
   1.0000000e+00   2.3200000e+02   3.9120000e+03
   1.0000000e+00   2.3300000e+02   3.9130000e+03
   1.0000000e+00   2.3100000e+02   3.9250000e+03
   1.0000000e+00   2.3200000e+02   3.9260000e+03
   1.0000000e+00   2.3300000e+02   3.9270000e+03
   3.0000000e+00   2.3200000e+02   3.9330000e+03
   3.0000000e+00   2.3300000e+02   3.9340000e+03
   3.0000000e+00   2.3400000e+02   3.9350000e+03
   1.0000000e+00   2.3400000e+02   3.9940000e+03
   1.0000000e+00   2.3500000e+02   3.9950000e+03
   1.0000000e+00   2.3600000e+02   3.9960000e+03
   1.0000000e+00   2.3700000e+02   3.9970000e+03
   1.0000000e+00   2.3800000e+02   3.9980000e+03
   1.0000000e+00   2.3600000e+02   4.0100000e+03
   1.0000000e+00   2.3700000e+02   4.0110000e+03
   1.0000000e+00   2.3800000e+02   4.0120000e+03
   3.0000000e+00   2.3700000e+02   4.0180000e+03
   3.0000000e+00   2.3800000e+02   4.0190000e+03
   3.0000000e+00   2.3900000e+02   4.0200000e+03
   1.0000000e+00   2.3900000e+02   4.0790000e+03
   1.0000000e+00   2.4000000e+02   4.0800000e+03
   1.0000000e+00   2.4100000e+02   4.0810000e+03
   1.0000000e+00   2.4200000e+02   4.0820000e+03
   1.0000000e+00   2.4300000e+02   4.0830000e+03
   1.0000000e+00   2.4100000e+02   4.0950000e+03
   1.0000000e+00   2.4200000e+02   4.0960000e+03
   1.0000000e+00   2.4300000e+02   4.0970000e+03
   3.0000000e+00   2.4200000e+02   4.1030000e+03
   3.0000000e+00   2.4300000e+02   4.1040000e+03
   3.0000000e+00   2.4400000e+02   4.1050000e+03
   1.0000000e+00   2.4400000e+02   4.1640000e+03
   1.0000000e+00   2.4500000e+02   4.1650000e+03
   1.0000000e+00   2.4600000e+02   4.1660000e+03
   1.0000000e+00   2.4700000e+02   4.1670000e+03
   1.0000000e+00   2.4800000e+02   4.1680000e+03
   1.0000000e+00   2.4600000e+02   4.1800000e+03
   1.0000000e+00   2.4700000e+02   4.1810000e+03
   1.0000000e+00   2.4800000e+02   4.1820000e+03
   3.0000000e+00   2.4700000e+02   4.1880000e+03
   3.0000000e+00   2.4800000e+02   4.1890000e+03
   3.0000000e+00   2.4900000e+02   4.1900000e+03
   1.0000000e+00   2.4900000e+02   4.2490000e+03
   1.0000000e+00   2.5000000e+02   4.2500000e+03
   1.0000000e+00   2.5100000e+02   4.2510000e+03
   1.0000000e+00   2.5200000e+02   4.2520000e+03
   1.0000000e+00   2.5300000e+02   4.2530000e+03
   1.0000000e+00   2.5100000e+02   4.2650000e+03
   1.0000000e+00   2.5200000e+02   4.2660000e+03
   1.0000000e+00   2.5300000e+02   4.2670000e+03
   3.0000000e+00   2.5200000e+02   4.2730000e+03
   3.0000000e+00   2.5300000e+02   4.2740000e+03
   3.0000000e+00   2.5400000e+02   4.2750000e+03
   1.0000000e+00   2.5400000e+02   4.3340000e+03
   1.0000000e+00   2.5500000e+02   4.3350000e+03
   1.0000000e+00   2.5600000e+02   4.3360000e+03
   1.0000000e+00   2.5700000e+02   4.3370000e+03
   1.0000000e+00   2.5800000e+02   4.3380000e+03
   1.0000000e+00   2.5600000e+02   4.3500000e+03
   1.0000000e+00   2.5700000e+02   4.3510000e+03
   1.0000000e+00   2.5800000e+02   4.3520000e+03
   3.0000000e+00   2.5700000e+02   4.3580000e+03
   3.0000000e+00   2.5800000e+02   4.3590000e+03
   3.0000000e+00   2.5900000e+02   4.3600000e+03
   1.0000000e+00   2.5900000e+02   4.4190000e+03
   1.0000000e+00   2.6000000e+02   4.4200000e+03
   1.0000000e+00   2.6100000e+02   4.4210000e+03
   1.0000000e+00   2.6200000e+02   4.4220000e+03
   1.0000000e+00   2.6300000e+02   4.4230000e+03
   1.0000000e+00   2.6100000e+02   4.4350000e+03
   1.0000000e+00   2.6200000e+02   4.4360000e+03
   1.0000000e+00   2.6300000e+02   4.4370000e+03
   3.0000000e+00   2.6200000e+02   4.4430000e+03
   3.0000000e+00   2.6300000e+02   4.4440000e+03
   3.0000000e+00   2.6400000e+02   4.4450000e+03
   1.0000000e+00   2.6400000e+02   4.5040000e+03
   1.0000000e+00   2.6500000e+02   4.5050000e+03
   1.0000000e+00   2.6600000e+02   4.5060000e+03
   1.0000000e+00   2.6700000e+02   4.5070000e+03
   1.0000000e+00   2.6800000e+02   4.5080000e+03
   1.0000000e+00   2.6600000e+02   4.5200000e+03
   1.0000000e+00   2.6700000e+02   4.5210000e+03
   1.0000000e+00   2.6800000e+02   4.5220000e+03
   3.0000000e+00   2.6700000e+02   4.5280000e+03
   3.0000000e+00   2.6800000e+02   4.5290000e+03
   3.0000000e+00   2.6900000e+02   4.5300000e+03
   1.0000000e+00   2.6900000e+02   4.5890000e+03
   1.0000000e+00   2.7000000e+02   4.5900000e+03
   1.0000000e+00   2.7100000e+02   4.5910000e+03
   1.0000000e+00   2.7200000e+02   4.5920000e+03
   1.0000000e+00   2.7300000e+02   4.5930000e+03
   1.0000000e+00   2.7100000e+02   4.6050000e+03
   1.0000000e+00   2.7200000e+02   4.6060000e+03
   1.0000000e+00   2.7300000e+02   4.6070000e+03
   3.0000000e+00   2.7200000e+02   4.6130000e+03
   3.0000000e+00   2.7300000e+02   4.6140000e+03
   3.0000000e+00   2.7400000e+02   4.6150000e+03
   1.0000000e+00   2.7400000e+02   4.6740000e+03
   1.0000000e+00   2.7500000e+02   4.6750000e+03
   1.0000000e+00   2.7600000e+02   4.6760000e+03
   1.0000000e+00   2.7700000e+02   4.6770000e+03
   1.0000000e+00   2.7800000e+02   4.6780000e+03
   1.0000000e+00   2.7600000e+02   4.6900000e+03
   1.0000000e+00   2.7700000e+02   4.6910000e+03
   1.0000000e+00   2.7800000e+02   4.6920000e+03
   3.0000000e+00   2.7700000e+02   4.6980000e+03
   3.0000000e+00   2.7800000e+02   4.6990000e+03
   3.0000000e+00   2.7900000e+02   4.7000000e+03
   1.0000000e+00   2.7900000e+02   4.7590000e+03
   1.0000000e+00   2.8000000e+02   4.7600000e+03
   1.0000000e+00   2.8100000e+02   4.7610000e+03
   1.0000000e+00   2.8200000e+02   4.7620000e+03
   1.0000000e+00   2.8300000e+02   4.7630000e+03
   1.0000000e+00   2.8100000e+02   4.7750000e+03
   1.0000000e+00   2.8200000e+02   4.7760000e+03
   1.0000000e+00   2.8300000e+02   4.7770000e+03
   3.0000000e+00   2.8200000e+02   4.7830000e+03
   3.0000000e+00   2.8300000e+02   4.7840000e+03
   3.0000000e+00   2.8400000e+02   4.7850000e+03
   1.0000000e+00   2.8400000e+02   4.8440000e+03
   1.0000000e+00   2.8500000e+02   4.8450000e+03
   1.0000000e+00   2.8600000e+02   4.8460000e+03
   1.0000000e+00   2.8700000e+02   4.8470000e+03
   1.0000000e+00   2.8800000e+02   4.8480000e+03
   1.0000000e+00   2.8600000e+02   4.8600000e+03
   1.0000000e+00   2.8700000e+02   4.8610000e+03
   1.0000000e+00   2.8800000e+02   4.8620000e+03
   3.0000000e+00   2.8700000e+02   4.8680000e+03
   3.0000000e+00   2.8800000e+02   4.8690000e+03
   3.0000000e+00   2.8900000e+02   4.8700000e+03
   1.0000000e+00   2.8900000e+02   4.9290000e+03
   1.0000000e+00   2.9000000e+02   4.9300000e+03
   1.0000000e+00   2.9100000e+02   4.9310000e+03
   1.0000000e+00   2.9200000e+02   4.9320000e+03
   1.0000000e+00   2.9300000e+02   4.9330000e+03
   1.0000000e+00   2.9100000e+02   4.9450000e+03
   1.0000000e+00   2.9200000e+02   4.9460000e+03
   1.0000000e+00   2.9300000e+02   4.9470000e+03
   3.0000000e+00   2.9200000e+02   4.9530000e+03
   3.0000000e+00   2.9300000e+02   4.9540000e+03
   3.0000000e+00   2.9400000e+02   4.9550000e+03
   1.0000000e+00   2.9400000e+02   5.0140000e+03
   1.0000000e+00   2.9500000e+02   5.0150000e+03
   1.0000000e+00   2.9600000e+02   5.0160000e+03
   1.0000000e+00   2.9700000e+02   5.0170000e+03
   1.0000000e+00   2.9800000e+02   5.0180000e+03
   1.0000000e+00   2.9600000e+02   5.0300000e+03
   1.0000000e+00   2.9700000e+02   5.0310000e+03
   1.0000000e+00   2.9800000e+02   5.0320000e+03
   3.0000000e+00   2.9700000e+02   5.0380000e+03
   3.0000000e+00   2.9800000e+02   5.0390000e+03
   3.0000000e+00   2.9900000e+02   5.0400000e+03
   1.0000000e+00   2.9900000e+02   5.0990000e+03
   1.0000000e+00   3.0000000e+02   5.1000000e+03
   1.0000000e+00   3.0100000e+02   5.1010000e+03
   1.0000000e+00   3.0200000e+02   5.1020000e+03
   1.0000000e+00   3.0300000e+02   5.1030000e+03
   1.0000000e+00   3.0100000e+02   5.1150000e+03
   1.0000000e+00   3.0200000e+02   5.1160000e+03
   1.0000000e+00   3.0300000e+02   5.1170000e+03
   3.0000000e+00   3.0200000e+02   5.1230000e+03
   3.0000000e+00   3.0300000e+02   5.1240000e+03
   3.0000000e+00   3.0400000e+02   5.1250000e+03
   1.0000000e+00   3.0400000e+02   5.1840000e+03
   1.0000000e+00   3.0500000e+02   5.1850000e+03
   1.0000000e+00   3.0600000e+02   5.1860000e+03
   1.0000000e+00   3.0700000e+02   5.1870000e+03
   1.0000000e+00   3.0800000e+02   5.1880000e+03
   1.0000000e+00   3.0600000e+02   5.2000000e+03
   1.0000000e+00   3.0700000e+02   5.2010000e+03
   1.0000000e+00   3.0800000e+02   5.2020000e+03
   3.0000000e+00   3.0700000e+02   5.2080000e+03
   3.0000000e+00   3.0800000e+02   5.2090000e+03
   3.0000000e+00   3.0900000e+02   5.2100000e+03
   1.0000000e+00   3.0900000e+02   5.2690000e+03
   1.0000000e+00   3.1000000e+02   5.2700000e+03
   1.0000000e+00   3.1100000e+02   5.2710000e+03
   1.0000000e+00   3.1200000e+02   5.2720000e+03
   1.0000000e+00   3.1300000e+02   5.2730000e+03
   1.0000000e+00   3.1100000e+02   5.2850000e+03
   1.0000000e+00   3.1200000e+02   5.2860000e+03
   1.0000000e+00   3.1300000e+02   5.2870000e+03
   3.0000000e+00   3.1200000e+02   5.2930000e+03
   3.0000000e+00   3.1300000e+02   5.2940000e+03
   3.0000000e+00   3.1400000e+02   5.2950000e+03
   1.0000000e+00   3.1400000e+02   5.3540000e+03
   1.0000000e+00   3.1500000e+02   5.3550000e+03
   1.0000000e+00   3.1600000e+02   5.3560000e+03
   1.0000000e+00   3.1700000e+02   5.3570000e+03
   1.0000000e+00   3.1800000e+02   5.3580000e+03
   1.0000000e+00   3.1600000e+02   5.3700000e+03
   1.0000000e+00   3.1700000e+02   5.3710000e+03
   1.0000000e+00   3.1800000e+02   5.3720000e+03
   3.0000000e+00   3.1700000e+02   5.3780000e+03
   3.0000000e+00   3.1800000e+02   5.3790000e+03
   3.0000000e+00   3.1900000e+02   5.3800000e+03
   1.0000000e+00   3.1900000e+02   5.4390000e+03
   1.0000000e+00   3.2000000e+02   5.4400000e+03
   1.0000000e+00   3.2100000e+02   5.4410000e+03
   1.0000000e+00   3.2200000e+02   5.4420000e+03
   1.0000000e+00   3.2300000e+02   5.4430000e+03
   1.0000000e+00   3.2100000e+02   5.4550000e+03
   1.0000000e+00   3.2200000e+02   5.4560000e+03
   1.0000000e+00   3.2300000e+02   5.4570000e+03
   3.0000000e+00   3.2200000e+02   5.4630000e+03
   3.0000000e+00   3.2300000e+02   5.4640000e+03
   3.0000000e+00   3.2400000e+02   5.4650000e+03
   1.0000000e+00   3.2400000e+02   5.5240000e+03
   1.0000000e+00   3.2500000e+02   5.5250000e+03
   1.0000000e+00   3.2600000e+02   5.5260000e+03
   1.0000000e+00   3.2700000e+02   5.5270000e+03
   1.0000000e+00   3.2800000e+02   5.5280000e+03
   1.0000000e+00   3.2600000e+02   5.5400000e+03
   1.0000000e+00   3.2700000e+02   5.5410000e+03
   1.0000000e+00   3.2800000e+02   5.5420000e+03
   3.0000000e+00   3.2700000e+02   5.5480000e+03
   3.0000000e+00   3.2800000e+02   5.5490000e+03
   3.0000000e+00   3.2900000e+02   5.5500000e+03
   1.0000000e+00   3.2900000e+02   5.6090000e+03
   1.0000000e+00   3.3000000e+02   5.6100000e+03
   1.0000000e+00   3.3100000e+02   5.6110000e+03
   1.0000000e+00   3.3200000e+02   5.6120000e+03
   1.0000000e+00   3.3300000e+02   5.6130000e+03
   1.0000000e+00   3.3100000e+02   5.6250000e+03
   1.0000000e+00   3.3200000e+02   5.6260000e+03
   1.0000000e+00   3.3300000e+02   5.6270000e+03
   3.0000000e+00   3.3200000e+02   5.6330000e+03
   3.0000000e+00   3.3300000e+02   5.6340000e+03
   3.0000000e+00   3.3400000e+02   5.6350000e+03
   1.0000000e+00   3.3400000e+02   5.6940000e+03
   1.0000000e+00   3.3500000e+02   5.6950000e+03
   1.0000000e+00   3.3600000e+02   5.6960000e+03
   1.0000000e+00   3.3700000e+02   5.6970000e+03
   1.0000000e+00   3.3800000e+02   5.6980000e+03
   1.0000000e+00   3.3600000e+02   5.7100000e+03
   1.0000000e+00   3.3700000e+02   5.7110000e+03
   1.0000000e+00   3.3800000e+02   5.7120000e+03
   3.0000000e+00   3.3700000e+02   5.7180000e+03
   3.0000000e+00   3.3800000e+02   5.7190000e+03
   3.0000000e+00   3.3900000e+02   5.7200000e+03
   1.0000000e+00   3.3900000e+02   5.7790000e+03
   1.0000000e+00   3.4000000e+02   5.7800000e+03
   1.0000000e+00   3.4100000e+02   5.7810000e+03
   1.0000000e+00   3.4200000e+02   5.7820000e+03
   1.0000000e+00   3.4300000e+02   5.7830000e+03
   1.0000000e+00   3.4100000e+02   5.7950000e+03
   1.0000000e+00   3.4200000e+02   5.7960000e+03
   1.0000000e+00   3.4300000e+02   5.7970000e+03
   3.0000000e+00   3.4200000e+02   5.8030000e+03
   3.0000000e+00   3.4300000e+02   5.8040000e+03
   3.0000000e+00   3.4400000e+02   5.8050000e+03
   1.0000000e+00   3.4400000e+02   5.8640000e+03
   1.0000000e+00   3.4500000e+02   5.8650000e+03
   1.0000000e+00   3.4600000e+02   5.8660000e+03
   1.0000000e+00   3.4700000e+02   5.8670000e+03
   1.0000000e+00   3.4800000e+02   5.8680000e+03
   1.0000000e+00   3.4600000e+02   5.8800000e+03
   1.0000000e+00   3.4700000e+02   5.8810000e+03
   1.0000000e+00   3.4800000e+02   5.8820000e+03
   3.0000000e+00   3.4700000e+02   5.8880000e+03
   3.0000000e+00   3.4800000e+02   5.8890000e+03
   3.0000000e+00   3.4900000e+02   5.8900000e+03
   1.0000000e+00   3.4900000e+02   5.9490000e+03
   1.0000000e+00   3.5000000e+02   5.9500000e+03
   1.0000000e+00   3.5100000e+02   5.9510000e+03
   1.0000000e+00   3.5200000e+02   5.9520000e+03
   1.0000000e+00   3.5300000e+02   5.9530000e+03
   1.0000000e+00   3.5100000e+02   5.9650000e+03
   1.0000000e+00   3.5200000e+02   5.9660000e+03
   1.0000000e+00   3.5300000e+02   5.9670000e+03
   3.0000000e+00   3.5200000e+02   5.9730000e+03
   3.0000000e+00   3.5300000e+02   5.9740000e+03
   3.0000000e+00   3.5400000e+02   5.9750000e+03
   1.0000000e+00   3.5400000e+02   6.0340000e+03
   1.0000000e+00   3.5500000e+02   6.0350000e+03
   1.0000000e+00   3.5600000e+02   6.0360000e+03
   1.0000000e+00   3.5700000e+02   6.0370000e+03
   1.0000000e+00   3.5800000e+02   6.0380000e+03
   1.0000000e+00   3.5600000e+02   6.0500000e+03
   1.0000000e+00   3.5700000e+02   6.0510000e+03
   1.0000000e+00   3.5800000e+02   6.0520000e+03
   3.0000000e+00   3.5700000e+02   6.0580000e+03
   3.0000000e+00   3.5800000e+02   6.0590000e+03
   3.0000000e+00   3.5900000e+02   6.0600000e+03
   1.0000000e+00   3.5900000e+02   6.1190000e+03
   1.0000000e+00   3.6000000e+02   6.1200000e+03
   1.0000000e+00   3.6100000e+02   6.1210000e+03
   1.0000000e+00   3.6200000e+02   6.1220000e+03
   1.0000000e+00   3.6300000e+02   6.1230000e+03
   1.0000000e+00   3.6100000e+02   6.1350000e+03
   1.0000000e+00   3.6200000e+02   6.1360000e+03
   1.0000000e+00   3.6300000e+02   6.1370000e+03
   3.0000000e+00   3.6200000e+02   6.1430000e+03
   3.0000000e+00   3.6300000e+02   6.1440000e+03
   3.0000000e+00   3.6400000e+02   6.1450000e+03
   1.0000000e+00   3.6400000e+02   6.2040000e+03
   1.0000000e+00   3.6500000e+02   6.2050000e+03
   1.0000000e+00   3.6600000e+02   6.2060000e+03
   1.0000000e+00   3.6700000e+02   6.2070000e+03
   1.0000000e+00   3.6800000e+02   6.2080000e+03
   1.0000000e+00   3.6600000e+02   6.2200000e+03
   1.0000000e+00   3.6700000e+02   6.2210000e+03
   1.0000000e+00   3.6800000e+02   6.2220000e+03
   3.0000000e+00   3.6700000e+02   6.2280000e+03
   3.0000000e+00   3.6800000e+02   6.2290000e+03
   3.0000000e+00   3.6900000e+02   6.2300000e+03
   1.0000000e+00   3.6900000e+02   6.2890000e+03
   1.0000000e+00   3.7000000e+02   6.2900000e+03
   1.0000000e+00   3.7100000e+02   6.2910000e+03
   1.0000000e+00   3.7200000e+02   6.2920000e+03
   1.0000000e+00   3.7300000e+02   6.2930000e+03
   1.0000000e+00   3.7100000e+02   6.3050000e+03
   1.0000000e+00   3.7200000e+02   6.3060000e+03
   1.0000000e+00   3.7300000e+02   6.3070000e+03
   3.0000000e+00   3.7200000e+02   6.3130000e+03
   3.0000000e+00   3.7300000e+02   6.3140000e+03
   3.0000000e+00   3.7400000e+02   6.3150000e+03
   1.0000000e+00   3.7400000e+02   6.3740000e+03
   1.0000000e+00   3.7500000e+02   6.3750000e+03
   1.0000000e+00   3.7600000e+02   6.3760000e+03
   1.0000000e+00   3.7700000e+02   6.3770000e+03
   1.0000000e+00   3.7800000e+02   6.3780000e+03
   1.0000000e+00   3.7600000e+02   6.3900000e+03
   1.0000000e+00   3.7700000e+02   6.3910000e+03
   1.0000000e+00   3.7800000e+02   6.3920000e+03
   3.0000000e+00   3.7700000e+02   6.3980000e+03
   3.0000000e+00   3.7800000e+02   6.3990000e+03
   3.0000000e+00   3.7900000e+02   6.4000000e+03
   1.0000000e+00   3.7900000e+02   6.4590000e+03
   1.0000000e+00   3.8000000e+02   6.4600000e+03
   1.0000000e+00   3.8100000e+02   6.4610000e+03
   1.0000000e+00   3.8200000e+02   6.4620000e+03
   1.0000000e+00   3.8300000e+02   6.4630000e+03
   1.0000000e+00   3.8100000e+02   6.4750000e+03
   1.0000000e+00   3.8200000e+02   6.4760000e+03
   1.0000000e+00   3.8300000e+02   6.4770000e+03
   3.0000000e+00   3.8200000e+02   6.4830000e+03
   3.0000000e+00   3.8300000e+02   6.4840000e+03
   3.0000000e+00   3.8400000e+02   6.4850000e+03
   1.0000000e+00   3.8400000e+02   6.5440000e+03
   1.0000000e+00   3.8500000e+02   6.5450000e+03
   1.0000000e+00   3.8600000e+02   6.5460000e+03
   1.0000000e+00   3.8700000e+02   6.5470000e+03
   1.0000000e+00   3.8800000e+02   6.5480000e+03
   1.0000000e+00   3.8600000e+02   6.5600000e+03
   1.0000000e+00   3.8700000e+02   6.5610000e+03
   1.0000000e+00   3.8800000e+02   6.5620000e+03
   3.0000000e+00   3.8700000e+02   6.5680000e+03
   3.0000000e+00   3.8800000e+02   6.5690000e+03
   3.0000000e+00   3.8900000e+02   6.5700000e+03
   1.0000000e+00   3.8900000e+02   6.6290000e+03
   1.0000000e+00   3.9000000e+02   6.6300000e+03
   1.0000000e+00   3.9100000e+02   6.6310000e+03
   1.0000000e+00   3.9200000e+02   6.6320000e+03
   1.0000000e+00   3.9300000e+02   6.6330000e+03
   1.0000000e+00   3.9100000e+02   6.6450000e+03
   1.0000000e+00   3.9200000e+02   6.6460000e+03
   1.0000000e+00   3.9300000e+02   6.6470000e+03
   3.0000000e+00   3.9200000e+02   6.6530000e+03
   3.0000000e+00   3.9300000e+02   6.6540000e+03
   3.0000000e+00   3.9400000e+02   6.6550000e+03
   1.0000000e+00   3.9400000e+02   6.7140000e+03
   1.0000000e+00   3.9500000e+02   6.7150000e+03
   1.0000000e+00   3.9600000e+02   6.7160000e+03
   1.0000000e+00   3.9700000e+02   6.7170000e+03
   1.0000000e+00   3.9800000e+02   6.7180000e+03
   1.0000000e+00   3.9600000e+02   6.7300000e+03
   1.0000000e+00   3.9700000e+02   6.7310000e+03
   1.0000000e+00   3.9800000e+02   6.7320000e+03
   3.0000000e+00   3.9700000e+02   6.7380000e+03
   3.0000000e+00   3.9800000e+02   6.7390000e+03
   3.0000000e+00   3.9900000e+02   6.7400000e+03
   1.0000000e+00   3.9900000e+02   6.7990000e+03
   1.0000000e+00   4.0000000e+02   6.8000000e+03
   1.0000000e+00   4.0100000e+02   6.8010000e+03
   1.0000000e+00   4.0200000e+02   6.8020000e+03
   1.0000000e+00   4.0300000e+02   6.8030000e+03
   1.0000000e+00   4.0100000e+02   6.8150000e+03
   1.0000000e+00   4.0200000e+02   6.8160000e+03
   1.0000000e+00   4.0300000e+02   6.8170000e+03
   3.0000000e+00   4.0200000e+02   6.8230000e+03
   3.0000000e+00   4.0300000e+02   6.8240000e+03
   3.0000000e+00   4.0400000e+02   6.8250000e+03
   1.0000000e+00   4.0400000e+02   6.8840000e+03
   1.0000000e+00   4.0500000e+02   6.8850000e+03
   1.0000000e+00   4.0600000e+02   6.8860000e+03
   1.0000000e+00   4.0700000e+02   6.8870000e+03
   1.0000000e+00   4.0800000e+02   6.8880000e+03
   1.0000000e+00   4.0600000e+02   6.9000000e+03
   1.0000000e+00   4.0700000e+02   6.9010000e+03
   1.0000000e+00   4.0800000e+02   6.9020000e+03
   3.0000000e+00   4.0700000e+02   6.9080000e+03
   3.0000000e+00   4.0800000e+02   6.9090000e+03
   3.0000000e+00   4.0900000e+02   6.9100000e+03
   1.0000000e+00   4.0900000e+02   6.9690000e+03
   1.0000000e+00   4.1000000e+02   6.9700000e+03
   1.0000000e+00   4.1100000e+02   6.9710000e+03
   1.0000000e+00   4.1200000e+02   6.9720000e+03
   1.0000000e+00   4.1300000e+02   6.9730000e+03
   1.0000000e+00   4.1100000e+02   6.9850000e+03
   1.0000000e+00   4.1200000e+02   6.9860000e+03
   1.0000000e+00   4.1300000e+02   6.9870000e+03
   3.0000000e+00   4.1200000e+02   6.9930000e+03
   3.0000000e+00   4.1300000e+02   6.9940000e+03
   3.0000000e+00   4.1400000e+02   6.9950000e+03
   1.0000000e+00   4.1400000e+02   7.0540000e+03
   1.0000000e+00   4.1500000e+02   7.0550000e+03
   1.0000000e+00   4.1600000e+02   7.0560000e+03
   1.0000000e+00   4.1700000e+02   7.0570000e+03
   1.0000000e+00   4.1800000e+02   7.0580000e+03
   1.0000000e+00   4.1600000e+02   7.0700000e+03
   1.0000000e+00   4.1700000e+02   7.0710000e+03
   1.0000000e+00   4.1800000e+02   7.0720000e+03
   3.0000000e+00   4.1700000e+02   7.0780000e+03
   3.0000000e+00   4.1800000e+02   7.0790000e+03
   3.0000000e+00   4.1900000e+02   7.0800000e+03
   1.0000000e+00   4.1900000e+02   7.1390000e+03
   1.0000000e+00   4.2000000e+02   7.1400000e+03
   1.0000000e+00   4.2100000e+02   7.1410000e+03
   1.0000000e+00   4.2200000e+02   7.1420000e+03
   1.0000000e+00   4.2300000e+02   7.1430000e+03
   1.0000000e+00   4.2100000e+02   7.1550000e+03
   1.0000000e+00   4.2200000e+02   7.1560000e+03
   1.0000000e+00   4.2300000e+02   7.1570000e+03
   3.0000000e+00   4.2200000e+02   7.1630000e+03
   3.0000000e+00   4.2300000e+02   7.1640000e+03
   3.0000000e+00   4.2400000e+02   7.1650000e+03
   1.0000000e+00   4.2400000e+02   7.2240000e+03
   1.0000000e+00   4.2500000e+02   7.2250000e+03
   1.0000000e+00   4.2600000e+02   7.2260000e+03
   1.0000000e+00   4.2700000e+02   7.2270000e+03
   1.0000000e+00   4.2800000e+02   7.2280000e+03
   1.0000000e+00   4.2600000e+02   7.2400000e+03
   1.0000000e+00   4.2700000e+02   7.2410000e+03
   1.0000000e+00   4.2800000e+02   7.2420000e+03
   3.0000000e+00   4.2700000e+02   7.2480000e+03
   3.0000000e+00   4.2800000e+02   7.2490000e+03
   3.0000000e+00   4.2900000e+02   7.2500000e+03
   1.0000000e+00   4.2900000e+02   7.3090000e+03
   1.0000000e+00   4.3000000e+02   7.3100000e+03
   1.0000000e+00   4.3100000e+02   7.3110000e+03
   1.0000000e+00   4.3200000e+02   7.3120000e+03
   1.0000000e+00   4.3300000e+02   7.3130000e+03
   1.0000000e+00   4.3100000e+02   7.3250000e+03
   1.0000000e+00   4.3200000e+02   7.3260000e+03
   1.0000000e+00   4.3300000e+02   7.3270000e+03
   3.0000000e+00   4.3200000e+02   7.3330000e+03
   3.0000000e+00   4.3300000e+02   7.3340000e+03
   3.0000000e+00   4.3400000e+02   7.3350000e+03
   1.0000000e+00   4.3400000e+02   7.3940000e+03
   1.0000000e+00   4.3500000e+02   7.3950000e+03
   1.0000000e+00   4.3600000e+02   7.3960000e+03
   1.0000000e+00   4.3700000e+02   7.3970000e+03
   1.0000000e+00   4.3800000e+02   7.3980000e+03
   1.0000000e+00   4.3600000e+02   7.4100000e+03
   1.0000000e+00   4.3700000e+02   7.4110000e+03
   1.0000000e+00   4.3800000e+02   7.4120000e+03
   3.0000000e+00   4.3700000e+02   7.4180000e+03
   3.0000000e+00   4.3800000e+02   7.4190000e+03
   3.0000000e+00   4.3900000e+02   7.4200000e+03
   1.0000000e+00   4.3900000e+02   7.4790000e+03
   1.0000000e+00   4.4000000e+02   7.4800000e+03
   1.0000000e+00   4.4100000e+02   7.4810000e+03
   1.0000000e+00   4.4200000e+02   7.4820000e+03
   1.0000000e+00   4.4300000e+02   7.4830000e+03
   1.0000000e+00   4.4100000e+02   7.4950000e+03
   1.0000000e+00   4.4200000e+02   7.4960000e+03
   1.0000000e+00   4.4300000e+02   7.4970000e+03
   3.0000000e+00   4.4200000e+02   7.5030000e+03
   3.0000000e+00   4.4300000e+02   7.5040000e+03
   3.0000000e+00   4.4400000e+02   7.5050000e+03
   1.0000000e+00   4.4400000e+02   7.5640000e+03
   1.0000000e+00   4.4500000e+02   7.5650000e+03
   1.0000000e+00   4.4600000e+02   7.5660000e+03
   1.0000000e+00   4.4700000e+02   7.5670000e+03
   1.0000000e+00   4.4800000e+02   7.5680000e+03
   1.0000000e+00   4.4600000e+02   7.5800000e+03
   1.0000000e+00   4.4700000e+02   7.5810000e+03
   1.0000000e+00   4.4800000e+02   7.5820000e+03
   3.0000000e+00   4.4700000e+02   7.5880000e+03
   3.0000000e+00   4.4800000e+02   7.5890000e+03
   3.0000000e+00   4.4900000e+02   7.5900000e+03
   1.0000000e+00   4.4900000e+02   7.6490000e+03
   1.0000000e+00   4.5000000e+02   7.6500000e+03