18 1 6 0 0 0 0 0 0 0
20 10 7 2e3 60 0 0.01 0 0 0
20 11 8 2e3 60 240 0.01 0 0 0
20 12 9 2e3 60 120 0.01 0 0 0
1 7 0 1.0 0 0 0 0 0 0
1 8 0 1.0 0 0 0 0 0 0
1 9 0 1.0 0 0 0 0 0 0
2 4 13 0.1 0 0 0 0 0 0
2 5 14 0.1 0 0 0 0 0 0
2 6 15 0.1 0 0 0 0 0 0
20 13 0 1e3 60 0 0.01 0 0 0
20 14 0 1e3 60 240 0.01 0 0 0
20 15 0 1e3 60 120 0.01 0 0 0
2 16 10 0.1 0 0 0 0 0 0
2 17 11 0.1 0 0 0 0 0 0
2 18 12 0.1 0 0 0 0 0 0
8 16 0 0.01 1e6 0 1 0 0 0
8 17 0 0.01 1e6 0 1 0 0 0
8 18 0 0.01 1e6 0 1 0 0 0
1 1 16 1.0 0 0 0 0 0 0
1 2 17 1.0 0 0 0 0 0 0
1 3 18 1.0 0 0 0 0 0 0