7 1 4 0.001 0 0 0 0 0 0
7 2 5 0.001 0 0 0 0 0 0
7 3 6 0.001 0 0 0 0 0 0
8 4 5 6 7 8 0 0 0 0
12 7 8 9 10 1 0 0 0 0
10 7 8 10 11 12 0 0 0 0
7 13 16 -0.001 0 0 0 0 0 0
7 14 17 -0.001 0 0 0 0 0 0
7 15 18 -0.001 0 0 0 0 0 0
8 16 17 18 19 20 0 0 0 0
10 19 20 10 21 22 0 0 0 0
7 23 24 -0.001 0 0 0 0 0 0
1 24 25 26 2 0 0 0 0 0
2 26 78 1 0.01 0.12 -0.12 0 0 0
14 78 27 0.12 -0.12 0 0 0 0 0
1 27 21 28 2 0 0 0 0 0
2 28 97 5 0.4 0.15 -0.15 0 0 0
14 97 29 0.15 -0.15 0 0 0 0 0
1 29 11 32 1 0 0 0 0 0
3 30 1.57079632679 0 0 0 0 0 0 0
1 22 30 31 3 0 0 0 0 0
1 32 31 33 2 0 0 0 0 0
3 34 0 0 0 0 0 0 0 0
1 34 22 35 2 0 0 0 0 0
2 35 98 5 0.4 0.15 -0.15 0 0 0
14 98 36 0.15 -0.15 0 0 0 0 0
1 36 12 38 1 0 0 0 0 0
1 21 30 37 3 0 0 0 0 0
1 38 37 39 1 0 0 0 0 0
7 33 40 2 0 0 0 0 0 0
7 39 41 2 0 0 0 0 0 0
1 40 24 42 4 0 0 0 0 0
1 41 24 43 4 0 0 0 0 0
12 42 43 44 45 1 0 0 0 0
14 44 46 2 0 0 0 0 0 0
12 46 45 47 48 2 0 0 0 0
11 47 48 10 49 50 0 0 0 0
9 49 50 51 52 53 0 0 0 0
5 54 5000 1 -1 0.5 180 0 0 0
13 51 54 55 56 1 0 0 0 0
13 52 54 57 58 1 0 0 0 0
13 53 54 59 60 1 0 0 0 0
16 61 100 0 1 0 0 0 0 0
7 63 64 0.001 0 0 0 0 0 0
1 64 24 65 3 0 0 0 0 0
17 24 61 62 0 0 0 0 0 0
17 65 61 66 0 0 0 0 0 0
18 62 67 0.01 2000 0 0 0 0 0
18 66 68 0.01 2000 0 0 0 0 0
1 66 68 69 2 0 0 0 0 0
1 62 67 70 2 0 0 0 0 0
1 69 70 71 4 0 0 0 0 0
3 72 0.05 0 0 0 0 0 0 0
1 71 72 73 3 0 0 0 0 0
14 73 74 0.0005 -0.0005 0 0 0 0 0
19 74 75 76 77 1 0 0 0 0
3 75 0 0 0 0 0 0 0 0
13 61 75 76 99 1 0 0 0 0
1 77 25 79 1 0 0 0 0 0
19 79 80 82 25 1 0 0 0 0
3 80 0.87 0 0 0 0 0 0 0
13 81 75 82 100 1 0 0 0 0
3 83 1 0 0 0 0 0 0 0
19 83 75 86 81 1 0 0 0 0
15 84 0 0 0 0 0 0 0 0
3 85 0.2 0 0 0 0 0 0 0
13 84 85 86 101 1 0 0 0 0
3 87 600 0 0 0 0 0 0 0
3 88 1000 0 0 0 0 0 0 0
3 89 10.5 0 0 0 0 0 0 0
13 84 89 90 102 1 0 0 0 0
19 87 88 90 91 1 0 0 0 0
3 92 35 0 0 0 0 0 0 0
3 93 25 0 0 0 0 0 0 0
3 94 10.5 0 0 0 0 0 0 0
13 84 94 95 103 1 0 0 0 0
19 92 93 95 96 1 0 0 0 0
100 1 25 0 0 0 0 0 0 0
7 104 107 0.001 0 0 0 0 0 0
7 105 108 0.001 0 0 0 0 0 0
7 106 109 0.001 0 0 0 0 0 0
8 107 108 109 110 111 0 0 0 0
12 110 111 112 113 1 0 0 0 0
10 110 111 113 114 115 0 0 0 0
7 116 119 -0.001 0 0 0 0 0 0
7 117 120 -0.001 0 0 0 0 0 0
7 118 121 -0.001 0 0 0 0 0 0
8 119 120 121 122 123 0 0 0 0
10 122 123 113 124 125 0 0 0 0
1 110 122 126 3 0 0 0 0 0
1 111 123 127 3 0 0 0 0 0
1 126 127 128 1 0 0 0 0 0
7 128 129 1.5 0 0 0 0 0 0
1 110 123 130 3 0 0 0 0 0
1 111 122 131 3 0 0 0 0 0
1 131 130 132 2 0 0 0 0 0
7 132 133 1.5 0 0 0 0 0 0
1 134 129 136 2 0 0 0 0 0
2 136 137 1 0.01 0 0 0 0 0
14 137 138 0.13 -0.13 0 0 0 0 0
1 133 135 139 2 0 0 0 0 0
2 139 140 1 0.01 0 0 0 0 0
14 140 141 0.13 -0.13 0 0 0 0 0
1 138 124 178 2 0 0 0 0 0
2 178 179 5 0.4 0 0 0 0 0
14 179 180 0.15 -0.15 0 0 0 0 0
1 180 114 181 1 0 0 0 0 0
3 142 1.57079632679 0 0 0 0 0 0 0
1 125 142 143 3 0 0 0 0 0
1 181 143 144 2 0 0 0 0 0
1 141 125 145 2 0 0 0 0 0
2 145 146 5 0.4 0.15 -0.15 0 0 0
14 146 147 0.15 -0.15 0 0 0 0 0
1 147 115 182 1 0 0 0 0 0
1 124 142 148 3 0 0 0 0 0
1 182 148 149 1 0 0 0 0 0
7 144 150 2 0 0 0 0 0 0
7 149 151 2 0 0 0 0 0 0
7 152 153 -0.001 0 0 0 0 0 0
1 150 153 154 4 0 0 0 0 0
1 151 153 155 4 0 0 0 0 0
12 154 155 156 157 1 0 0 0 0
14 156 158 2 0 0 0 0 0 0
12 158 157 159 160 2 0 0 0 0
11 159 160 113 161 162 0 0 0 0
9 161 162 163 164 165 0 0 0 0
5 166 5000 1 -1 0.5 180 0 0 0
15 169 0 0 0 0 0 0 0 0
3 170 10.3 0 0 0 0 0 0 0
3 167 -0.01 0 0 0 0 0 0 0
3 168 0.04 0 0 0 0 0 0 0
13 169 170 171 176 1 0 0 0 0
19 167 168 171 134 1 0 0 0 0
3 172 0.02 0 0 0 0 0 0 0
3 173 -0.01 0 0 0 0 0 0 0
3 174 10.3 0 0 0 0 0 0 0
13 169 174 175 177 1 0 0 0 0
19 172 173 175 135 1 0 0 0 0
7 183 186 0.001 0 0 0 0 0 0
7 184 187 0.001 0 0 0 0 0 0
7 185 188 0.001 0 0 0 0 0 0
8 186 187 188 189 190 0 0 0 0
12 189 190 191 192 1 0 0 0 0
10 189 190 192 193 194 0 0 0 0
7 195 198 -0.001 0 0 0 0 0 0
7 196 199 -0.001 0 0 0 0 0 0
7 197 200 -0.001 0 0 0 0 0 0
8 198 199 200 201 202 0 0 0 0
10 201 202 192 203 204 0 0 0 0
1 189 201 205 3 0 0 0 0 0
1 190 202 206 3 0 0 0 0 0
1 205 206 207 1 0 0 0 0 0
7 207 208 1.5 0 0 0 0 0 0
1 189 202 209 3 0 0 0 0 0
1 190 201 210 3 0 0 0 0 0
1 210 209 211 2 0 0 0 0 0
7 211 212 1.5 0 0 0 0 0 0
1 213 208 215 2 0 0 0 0 0
2 215 216 1 0.01 0 0 0 0 0
14 216 217 0.13 -0.13 0 0 0 0 0
1 212 214 218 2 0 0 0 0 0
2 218 219 1 0.01 0 0 0 0 0
14 219 220 0.13 -0.13 0 0 0 0 0
1 217 203 257 2 0 0 0 0 0
2 257 258 5 0.4 0 0 0 0 0
14 258 259 0.15 -0.15 0 0 0 0 0
1 259 193 260 1 0 0 0 0 0
3 221 1.57079632679 0 0 0 0 0 0 0
1 204 221 222 3 0 0 0 0 0
1 260 222 223 2 0 0 0 0 0
1 220 204 224 2 0 0 0 0 0
2 224 225 5 0.4 0.15 -0.15 0 0 0
14 225 226 0.15 -0.15 0 0 0 0 0
1 226 194 261 1 0 0 0 0 0
1 203 221 227 3 0 0 0 0 0
1 261 227 228 1 0 0 0 0 0
7 223 229 2 0 0 0 0 0 0
7 228 230 2 0 0 0 0 0 0
7 231 232 -0.001 0 0 0 0 0 0
1 229 232 233 4 0 0 0 0 0
1 230 232 234 4 0 0 0 0 0
12 233 234 235 236 1 0 0 0 0
14 235 237 2 0 0 0 0 0 0
12 237 236 238 239 2 0 0 0 0
11 238 239 192 240 241 0 0 0 0
9 240 241 242 243 244 0 0 0 0
5 245 5000 1 -1 0.5 180 0 0 0
15 248 0 0 0 0 0 0 0 0
3 249 10.3 0 0 0 0 0 0 0
3 246 -0.01 0 0 0 0 0 0 0
3 247 0.04 0 0 0 0 0 0 0
13 248 249 250 255 1 0 0 0 0
19 246 247 250 213 1 0 0 0 0
3 251 0.02 0 0 0 0 0 0 0
3 252 -0.01 0 0 0 0 0 0 0
3 253 10.3 0 0 0 0 0 0 0
13 248 253 254 256 1 0 0 0 0
19 251 252 254 214 1 0 0 0 0