3 8 7 16000e-6 0 0 0 0 0 0
22 7 11 0.001 1e6 179 0 0 0 0
7 11 7 0.001 1e6 0 0 0 0 0
22 7 10 0.001 1e6 177 0 0 0 0
7 10 7 0.001 1e6 0 0 0 0 0
22 7 9 0.001 1e6 175 0 0 0 0
7 9 7 0.001 1e6 0 0 0 0 0
22 11 8 0.001 1e6 180 0 0 0 0
7 8 11 0.001 1e6 0 0 0 0 0
22 10 8 0.001 1e6 178 0 0 0 0
7 8 10 0.001 1e6 0 0 0 0 0
22 9 8 0.001 1e6 176 0 0 0 0
7 8 9 0.001 1e6 0 0 0 0 0
18 1 6 1 0 0 0 0 0 0
4 0 12 563.38264084 0 50 1.0 0 0 0
4 0 13 563.38264084 240 50 1.0 0 0 0
4 0 14 563.38264084 120 50 1.0 0 0 0
2 9 4 0.01e-3 0 0 0 0 0 0
2 10 5 0.01e-3 0 0 0 0 0 0
2 11 6 0.01e-3 0 0 0 0 0 0
2 12 1 0.01e-3 0 0 0 0 0 0
2 13 2 0.01e-3 0 0 0 0 0 0
2 14 3 0.01e-3 0 0 0 0 0 0
22 7 17 0.001 1e6 75 0 0 0 0
7 17 7 0.001 1e6 0 0 0 0 0
22 17 8 0.001 1e6 76 0 0 0 0
7 8 17 0.001 1e6 0 0 0 0 0
22 7 16 0.001 1e6 73 0 0 0 0
7 16 7 0.001 1e6 0 0 0 0 0
22 16 8 0.001 1e6 74 0 0 0 0
7 8 16 0.001 1e6 0 0 0 0 0
22 7 15 0.001 1e6 71 0 0 0 0
7 15 7 0.001 1e6 0 0 0 0 0
22 15 8 0.001 1e6 72 0 0 0 0
7 8 15 0.001 1e6 0 0 0 0 0
1 18 15 0.001 0 0 0 0 0 0
1 19 16 0.001 0 0 0 0 0 0
1 20 17 0.001 0 0 0 0 0 0
2 21 18 0.6e-3 0 0 0 0 0 0
2 22 19 0.6e-3 0 0 0 0 0 0
2 23 20 0.6e-3 0 0 0 0 0 0
4 0 21 400 0 50 0.001 0 0 0
4 0 22 400 240 50 0.001 0 0 0
4 0 23 400 120 50 0.001 0 0 0