   1.0000000e+00   1.0000000e+00   1.0000000e+00
   1.0000000e+00   2.0000000e+00   2.0000000e+00
   1.0000000e+00   3.0000000e+00   3.0000000e+00
   1.0000000e+00   1.0000000e+00   1.5000000e+01
   1.0000000e+00   2.0000000e+00   1.6000000e+01
   1.0000000e+00   3.0000000e+00   1.7000000e+01
   3.0000000e+00   2.0000000e+00   2.3000000e+01
   3.0000000e+00   3.0000000e+00   2.4000000e+01
   3.0000000e+00   4.0000000e+00   2.5000000e+01
   1.0000000e+00   4.0000000e+00   8.4000000e+01
   1.0000000e+00   5.0000000e+00   8.5000000e+01
   1.0000000e+00   6.0000000e+00   8.6000000e+01
   1.0000000e+00   7.0000000e+00   8.7000000e+01
   1.0000000e+00   8.0000000e+00   8.8000000e+01
   1.0000000e+00   6.0000000e+00   1.0000000e+02
   1.0000000e+00   7.0000000e+00   1.0100000e+02
   1.0000000e+00   8.0000000e+00   1.0200000e+02
   3.0000000e+00   7.0000000e+00   1.0800000e+02
   3.0000000e+00   8.0000000e+00   1.0900000e+02
   3.0000000e+00   9.0000000e+00   1.1000000e+02
   1.0000000e+00   9.0000000e+00   1.6900000e+02
   1.0000000e+00   1.0000000e+01   1.7000000e+02
   1.0000000e+00   1.1000000e+01   1.7100000e+02
   1.0000000e+00   1.2000000e+01   1.7200000e+02
   1.0000000e+00   1.3000000e+01   1.7300000e+02
   1.0000000e+00   1.1000000e+01   1.8500000e+02
   1.0000000e+00   1.2000000e+01   1.8600000e+02
   1.0000000e+00   1.3000000e+01   1.8700000e+02
   3.0000000e+00   1.2000000e+01   1.9300000e+02
   3.0000000e+00   1.3000000e+01   1.9400000e+02
   3.0000000e+00   1.4000000e+01   1.9500000e+02
   1.0000000e+00   1.4000000e+01   2.5400000e+02
   1.0000000e+00   1.5000000e+01   2.5500000e+02
   1.0000000e+00   1.6000000e+01   2.5600000e+02
   1.0000000e+00   1.7000000e+01   2.5700000e+02
   1.0000000e+00   1.8000000e+01   2.5800000e+02
   1.0000000e+00   1.6000000e+01   2.7000000e+02
   1.0000000e+00   1.7000000e+01   2.7100000e+02
   1.0000000e+00   1.8000000e+01   2.7200000e+02
   3.0000000e+00   1.7000000e+01   2.7800000e+02
   3.0000000e+00   1.8000000e+01   2.7900000e+02
   3.0000000e+00   1.9000000e+01   2.8000000e+02
   1.0000000e+00   1.9000000e+01   3.3900000e+02
   1.0000000e+00   2.0000000e+01   3.4000000e+02
   1.0000000e+00   2.1000000e+01   3.4100000e+02
   1.0000000e+00   2.2000000e+01   3.4200000e+02
   1.0000000e+00   2.3000000e+01   3.4300000e+02
   1.0000000e+00   2.1000000e+01   3.5500000e+02
   1.0000000e+00   2.2000000e+01   3.5600000e+02
   1.0000000e+00   2.3000000e+01   3.5700000e+02
   3.0000000e+00   2.2000000e+01   3.6300000e+02
   3.0000000e+00   2.3000000e+01   3.6400000e+02
   3.0000000e+00   2.4000000e+01   3.6500000e+02
   1.0000000e+00   2.4000000e+01   4.2400000e+02
   1.0000000e+00   2.5000000e+01   4.2500000e+02
   1.0000000e+00   2.6000000e+01   4.2600000e+02
   1.0000000e+00   2.7000000e+01   4.2700000e+02
   1.0000000e+00   2.8000000e+01   4.2800000e+02
   1.0000000e+00   2.6000000e+01   4.4000000e+02
   1.0000000e+00   2.7000000e+01   4.4100000e+02
   1.0000000e+00   2.8000000e+01   4.4200000e+02
   3.0000000e+00   2.7000000e+01   4.4800000e+02
   3.0000000e+00   2.8000000e+01   4.4900000e+02
   3.0000000e+00   2.9000000e+01   4.5000000e+02
   1.0000000e+00   2.9000000e+01   5.0900000e+02
   1.0000000e+00   3.0000000e+01   5.1000000e+02
   1.0000000e+00   3.1000000e+01   5.1100000e+02
   1.0000000e+00   3.2000000e+01   5.1200000e+02
   1.0000000e+00   3.3000000e+01   5.1300000e+02
   1.0000000e+00   3.1000000e+01   5.2500000e+02
   1.0000000e+00   3.2000000e+01   5.2600000e+02
   1.0000000e+00   3.3000000e+01   5.2700000e+02
   3.0000000e+00   3.2000000e+01   5.3300000e+02
   3.0000000e+00   3.3000000e+01   5.3400000e+02
   3.0000000e+00   3.4000000e+01   5.3500000e+02
   1.0000000e+00   3.4000000e+01   5.9400000e+02
   1.0000000e+00   3.5000000e+01   5.9500000e+02
   1.0000000e+00   3.6000000e+01   5.9600000e+02
   1.0000000e+00   3.7000000e+01   5.9700000e+02
   1.0000000e+00   3.8000000e+01   5.9800000e+02
   1.0000000e+00   3.6000000e+01   6.1000000e+02
   1.0000000e+00   3.7000000e+01   6.1100000e+02
   1.0000000e+00   3.8000000e+01   6.1200000e+02
   3.0000000e+00   3.7000000e+01   6.1800000e+02
   3.0000000e+00   3.8000000e+01   6.1900000e+02
   3.0000000e+00   3.9000000e+01   6.2000000e+02
   1.0000000e+00   3.9000000e+01   6.7900000e+02
   1.0000000e+00   4.0000000e+01   6.8000000e+02
   1.0000000e+00   4.1000000e+01   6.8100000e+02
   1.0000000e+00   4.2000000e+01   6.8200000e+02
   1.0000000e+00   4.3000000e+01   6.8300000e+02
   1.0000000e+00   4.1000000e+01   6.9500000e+02
   1.0000000e+00   4.2000000e+01   6.9600000e+02
   1.0000000e+00   4.3000000e+01   6.9700000e+02
   3.0000000e+00   4.2000000e+01   7.0300000e+02
   3.0000000e+00   4.3000000e+01   7.0400000e+02
   3.0000000e+00   4.4000000e+01   7.0500000e+02
   1.0000000e+00   4.4000000e+01   7.6400000e+02
   1.0000000e+00   4.5000000e+01   7.6500000e+02
   1.0000000e+00   4.6000000e+01   7.6600000e+02
   1.0000000e+00   4.7000000e+01   7.6700000e+02
   1.0000000e+00   4.8000000e+01   7.6800000e+02
   1.0000000e+00   4.6000000e+01   7.8000000e+02
   1.0000000e+00   4.7000000e+01   7.8100000e+02
   1.0000000e+00   4.8000000e+01   7.8200000e+02
   3.0000000e+00   4.7000000e+01   7.8800000e+02
   3.0000000e+00   4.8000000e+01   7.8900000e+02
   3.0000000e+00   4.9000000e+01   7.9000000e+02
   1.0000000e+00   4.9000000e+01   8.4900000e+02
   1.0000000e+00   5.0000000e+01   8.5000000e+02
   1.0000000e+00   5.1000000e+01   8.5100000e+02
   1.0000000e+00   5.2000000e+01   8.5200000e+02
   1.0000000e+00   5.3000000e+01   8.5300000e+02
   1.0000000e+00   5.1000000e+01   8.6500000e+02
   1.0000000e+00   5.2000000e+01   8.6600000e+02
   1.0000000e+00   5.3000000e+01   8.6700000e+02
   3.0000000e+00   5.2000000e+01   8.7300000e+02
   3.0000000e+00   5.3000000e+01   8.7400000e+02
   3.0000000e+00   5.4000000e+01   8.7500000e+02
   1.0000000e+00   5.4000000e+01   9.3400000e+02
   1.0000000e+00   5.5000000e+01   9.3500000e+02
   1.0000000e+00   5.6000000e+01   9.3600000e+02
   1.0000000e+00   5.7000000e+01   9.3700000e+02
   1.0000000e+00   5.8000000e+01   9.3800000e+02
   1.0000000e+00   5.6000000e+01   9.5000000e+02
   1.0000000e+00   5.7000000e+01   9.5100000e+02
   1.0000000e+00   5.8000000e+01   9.5200000e+02
   3.0000000e+00   5.7000000e+01   9.5800000e+02
   3.0000000e+00   5.8000000e+01   9.5900000e+02
   3.0000000e+00   5.9000000e+01   9.6000000e+02
   1.0000000e+00   5.9000000e+01   1.0190000e+03
   1.0000000e+00   6.0000000e+01   1.0200000e+03
   1.0000000e+00   6.1000000e+01   1.0210000e+03
   1.0000000e+00   6.2000000e+01   1.0220000e+03
   1.0000000e+00   6.3000000e+01   1.0230000e+03
   1.0000000e+00   6.1000000e+01   1.0350000e+03
   1.0000000e+00   6.2000000e+01   1.0360000e+03
   1.0000000e+00   6.3000000e+01   1.0370000e+03
   3.0000000e+00   6.2000000e+01   1.0430000e+03
   3.0000000e+00   6.3000000e+01   1.0440000e+03
   3.0000000e+00   6.4000000e+01   1.0450000e+03
   1.0000000e+00   6.4000000e+01   1.1040000e+03
   1.0000000e+00   6.5000000e+01   1.1050000e+03
   1.0000000e+00   6.6000000e+01   1.1060000e+03
   1.0000000e+00   6.7000000e+01   1.1070000e+03
   1.0000000e+00   6.8000000e+01   1.1080000e+03
   1.0000000e+00   6.6000000e+01   1.1200000e+03
   1.0000000e+00   6.7000000e+01   1.1210000e+03
   1.0000000e+00   6.8000000e+01   1.1220000e+03
   3.0000000e+00   6.7000000e+01   1.1280000e+03
   3.0000000e+00   6.8000000e+01   1.1290000e+03
   3.0000000e+00   6.9000000e+01   1.1300000e+03
   1.0000000e+00   6.9000000e+01   1.1890000e+03
   1.0000000e+00   7.0000000e+01   1.1900000e+03
   1.0000000e+00   7.1000000e+01   1.1910000e+03
   1.0000000e+00   7.2000000e+01   1.1920000e+03
   1.0000000e+00   7.3000000e+01   1.1930000e+03
   1.0000000e+00   7.1000000e+01   1.2050000e+03
   1.0000000e+00   7.2000000e+01   1.2060000e+03
   1.0000000e+00   7.3000000e+01   1.2070000e+03
   3.0000000e+00   7.2000000e+01   1.2130000e+03
   3.0000000e+00   7.3000000e+01   1.2140000e+03
   3.0000000e+00   7.4000000e+01   1.2150000e+03
   1.0000000e+00   7.4000000e+01   1.2740000e+03
   1.0000000e+00   7.5000000e+01   1.2750000e+03