2 1 2 0.1 0 0 0 0 0 0
2 3 4 0.1 0 0 0 0 0 0
2 5 6 0.1 0 0 0 0 0 0
2 7 8 0.1 0 0 0 0 0 0
2 9 10 0.1 0 0 0 0 0 0
2 11 12 0.1 0 0 0 0 0 0
2 13 14 0.1 0 0 0 0 0 0
2 15 16 0.1 0 0 0 0 0 0
2 17 18 0.1 0 0 0 0 0 0
2 18 20 0.1 0 0 0 0 0 0
2 21 22 0.1 0 0 0 0 0 0
2 23 24 0.1 0 0 0 0 0 0
2 25 26 0.1 0 0 0 0 0 0
2 27 28 0.1 0 0 0 0 0 0
2 29 30 0.1 0 0 0 0 0 0
1.000000000000000e+000	1.000000000000000e+000	0.000000000000000e+000  1.000000000000000e+006	0.000000000000000e+000	0.000000000000000e+000	0.000000000000000e+000	0.000000000000000e+000	0.000000000000000e+000	0.000000000000000e+000
1.000000000000000e+000	2.000000000000000e+000	0.000000000000000e+000  1.000000000000000e+006	0.000000000000000e+000	0.000000000000000e+000	0.000000000000000e+000	0.000000000000000e+000	0.000000000000000e+000	0.000000000000000e+000
1.000000000000000e+000	3.000000000000000e+000	0.000000000000000e+000  1.000000000000000e+006	0.000000000000000e+000	0.000000000000000e+000	0.000000000000000e+000	0.000000000000000e+000	0.000000000000000e+000	0.000000000000000e+000
1.000000000000000e+000	4.000000000000000e+000	0.000000000000000e+000  1.000000000000000e+006	0.000000000000000e+000	0.000000000000000e+000	0.000000000000000e+000	0.000000000000000e+000	0.000000000000000e+000	0.000000000000000e+000
1.000000000000000e+000	5.000000000000000e+000	0.000000000000000e+000  1.000000000000000e+006	0.000000000000000e+000	0.000000000000000e+000	0.000000000000000e+000	0.000000000000000e+000	0.000000000000000e+000	0.000000000000000e+000
1.000000000000000e+000	6.000000000000000e+000	0.000000000000000e+000  1.000000000000000e+006	0.000000000000000e+000	0.000000000000000e+000	0.000000000000000e+000	0.000000000000000e+000	0.000000000000000e+000	0.000000000000000e+000
1.000000000000000e+000	7.000000000000000e+000	0.000000000000000e+000  1.000000000000000e+006	0.000000000000000e+000	0.000000000000000e+000	0.000000000000000e+000	0.000000000000000e+000	0.000000000000000e+000	0.000000000000000e+000
1.000000000000000e+000	8.000000000000000e+000	0.000000000000000e+000  1.000000000000000e+006	0.000000000000000e+000	0.000000000000000e+000	0.000000000000000e+000	0.000000000000000e+000	0.000000000000000e+000	0.000000000000000e+000
1.000000000000000e+000	9.000000000000000e+000	0.000000000000000e+000  1.000000000000000e+006	0.000000000000000e+000	0.000000000000000e+000	0.000000000000000e+000	0.000000000000000e+000	0.000000000000000e+000	0.000000000000000e+000
1.000000000000000e+000	1.000000000000000e+001	0.000000000000000e+000  1.000000000000000e+006	0.000000000000000e+000	0.000000000000000e+000	0.000000000000000e+000	0.000000000000000e+000	0.000000000000000e+000	0.000000000000000e+000
1.000000000000000e+000	1.100000000000000e+001	0.000000000000000e+000  1.000000000000000e+006	0.000000000000000e+000	0.000000000000000e+000	0.000000000000000e+000	0.000000000000000e+000	0.000000000000000e+000	0.000000000000000e+000
1.000000000000000e+000	1.200000000000000e+001	0.000000000000000e+000  1.000000000000000e+006	0.000000000000000e+000	0.000000000000000e+000	0.000000000000000e+000	0.000000000000000e+000	0.000000000000000e+000	0.000000000000000e+000
1.000000000000000e+000	1.300000000000000e+001	0.000000000000000e+000  1.000000000000000e+006	0.000000000000000e+000	0.000000000000000e+000	0.000000000000000e+000	0.000000000000000e+000	0.000000000000000e+000	0.000000000000000e+000
1.000000000000000e+000	1.400000000000000e+001	0.000000000000000e+000  1.000000000000000e+006	0.000000000000000e+000	0.000000000000000e+000	0.000000000000000e+000	0.000000000000000e+000	0.000000000000000e+000	0.000000000000000e+000
1.000000000000000e+000	1.500000000000000e+001	0.000000000000000e+000  1.000000000000000e+006	0.000000000000000e+000	0.000000000000000e+000	0.000000000000000e+000	0.000000000000000e+000	0.000000000000000e+000	0.000000000000000e+000
1.000000000000000e+000	1.600000000000000e+001	0.000000000000000e+000  1.000000000000000e+006	0.000000000000000e+000	0.000000000000000e+000	0.000000000000000e+000	0.000000000000000e+000	0.000000000000000e+000	0.000000000000000e+000
1.000000000000000e+000	1.700000000000000e+001	0.000000000000000e+000  1.000000000000000e+006	0.000000000000000e+000	0.000000000000000e+000	0.000000000000000e+000	0.000000000000000e+000	0.000000000000000e+000	0.000000000000000e+000
1.000000000000000e+000	1.800000000000000e+001	0.000000000000000e+000  1.000000000000000e+006	0.000000000000000e+000	0.000000000000000e+000	0.000000000000000e+000	0.000000000000000e+000	0.000000000000000e+000	0.000000000000000e+000
1.000000000000000e+000	1.900000000000000e+001	0.000000000000000e+000  1.000000000000000e+006	0.000000000000000e+000	0.000000000000000e+000	0.000000000000000e+000	0.000000000000000e+000	0.000000000000000e+000	0.000000000000000e+000
1.000000000000000e+000	2.000000000000000e+001	0.000000000000000e+000  1.000000000000000e+006	0.000000000000000e+000	0.000000000000000e+000	0.000000000000000e+000	0.000000000000000e+000	0.000000000000000e+000	0.000000000000000e+000
1.000000000000000e+000	2.100000000000000e+001	0.000000000000000e+000  1.000000000000000e+006	0.000000000000000e+000	0.000000000000000e+000	0.000000000000000e+000	0.000000000000000e+000	0.000000000000000e+000	0.000000000000000e+000
1.000000000000000e+000	2.200000000000000e+001	0.000000000000000e+000  1.000000000000000e+006	0.000000000000000e+000	0.000000000000000e+000	0.000000000000000e+000	0.000000000000000e+000	0.000000000000000e+000	0.000000000000000e+000
1.000000000000000e+000	2.300000000000000e+001	0.000000000000000e+000  1.000000000000000e+006	0.000000000000000e+000	0.000000000000000e+000	0.000000000000000e+000	0.000000000000000e+000	0.000000000000000e+000	0.000000000000000e+000
1.000000000000000e+000	2.400000000000000e+001	0.000000000000000e+000  1.000000000000000e+006	0.000000000000000e+000	0.000000000000000e+000	0.000000000000000e+000	0.000000000000000e+000	0.000000000000000e+000	0.000000000000000e+000
1.000000000000000e+000	2.500000000000000e+001	0.000000000000000e+000  1.000000000000000e+006	0.000000000000000e+000	0.000000000000000e+000	0.000000000000000e+000	0.000000000000000e+000	0.000000000000000e+000	0.000000000000000e+000
1.000000000000000e+000	2.600000000000000e+001	0.000000000000000e+000  1.000000000000000e+006	0.000000000000000e+000	0.000000000000000e+000	0.000000000000000e+000	0.000000000000000e+000	0.000000000000000e+000	0.000000000000000e+000
1.000000000000000e+000	2.700000000000000e+001	0.000000000000000e+000  1.000000000000000e+006	0.000000000000000e+000	0.000000000000000e+000	0.000000000000000e+000	0.000000000000000e+000	0.000000000000000e+000	0.000000000000000e+000
1.000000000000000e+000	2.800000000000000e+001	0.000000000000000e+000  1.000000000000000e+006	0.000000000000000e+000	0.000000000000000e+000	0.000000000000000e+000	0.000000000000000e+000	0.000000000000000e+000	0.000000000000000e+000
1.000000000000000e+000	2.900000000000000e+001	0.000000000000000e+000  1.000000000000000e+006	0.000000000000000e+000	0.000000000000000e+000	0.000000000000000e+000	0.000000000000000e+000	0.000000000000000e+000	0.000000000000000e+000
1.000000000000000e+000	3.000000000000000e+001	0.000000000000000e+000  1.000000000000000e+006	0.000000000000000e+000	0.000000000000000e+000	0.000000000000000e+000	0.000000000000000e+000	0.000000000000000e+000	0.000000000000000e+000
1.100000000000000e+001	6.100000000000000e+001	6.200000000000000e+001	31.00000000000000e+000	4.000000000000000e+001	1.000000000000000e+000	1.000000000000000e-002	1.000000000000000e+006	0.000000000000000e+000	0.000000000000000e+000
1 62 0 1e6 0 0 0 0 0 0
1.100000000000000e+001	6.300000000000000e+001	6.400000000000000e+001	4.100000000000000e+001	5.000000000000000e+001	2.000000000000000e+000	1.000000000000000e-002	1.000000000000000e+006	0.000000000000000e+000	0.000000000000000e+000
1 64 0 1e6 0 0 0 0 0 0
1.100000000000000e+001	6.500000000000000e+001	6.600000000000000e+001	5.100000000000000e+001	6.000000000000000e+001	3.000000000000000e+000	1.000000000000000e-002	1.000000000000000e+006	0.000000000000000e+000	0.000000000000000e+000
1 66 0 1e6 0 0 0 0 0 0
4.000000000000000e+000	6.800000000000000e+001	6.700000000000000e+001	2.500000000000000e+006  9.000000000000000e+001  0.000000000000000e+000	0.000000000000000e+000	0.000000000000000e+000	0.000000000000000e+000	0.000000000000000e+000
1 67 61 0.001 0 0 0 0 0 0
1 68 62 0.001 0 0 0 0 0 0
1 67 63 0.001 0 0 0 0 0 0
1 68 64 0.001 0 0 0 0 0 0
1 67 65 0.001 0 0 0 0 0 0
1 68 66 0.001 0 0 0 0 0 0
1 31  1 0.001 0 0 0 0 0 0
1 32  2 0.001 0 0 0 0 0 0
1 33  3 0.001 0 0 0 0 0 0
1 34  4 0.001 0 0 0 0 0 0
1 35  5 0.001 0 0 0 0 0 0
1 36  6 0.001 0 0 0 0 0 0
1 37  7 0.001 0 0 0 0 0 0
1 38  8 0.001 0 0 0 0 0 0
1 39  9 0.001 0 0 0 0 0 0
1 40 10 0.001 0 0 0 0 0 0
1 41 11 0.001 0 0 0 0 0 0
1 42 12 0.001 0 0 0 0 0 0
1 43 13 0.001 0 0 0 0 0 0
1 44 14 0.001 0 0 0 0 0 0
1 45 15 0.001 0 0 0 0 0 0
1 46 16 0.001 0 0 0 0 0 0
1 47 17 0.001 0 0 0 0 0 0
1 48 18 0.001 0 0 0 0 0 0
1 49 19 0.001 0 0 0 0 0 0
1 50 20 0.001 0 0 0 0 0 0
1 51 21 0.001 0 0 0 0 0 0
1 52 22 0.001 0 0 0 0 0 0
1 53 23 0.001 0 0 0 0 0 0
1 54 24 0.001 0 0 0 0 0 0
1 55 25 0.001 0 0 0 0 0 0
1 56 26 0.001 0 0 0 0 0 0
1 57 27 0.001 0 0 0 0 0 0
1 58 28 0.001 0 0 0 0 0 0
1 59 29 0.001 0 0 0 0 0 0
1 60 30 0.001 0 0 0 0 0 0