4.0000         0    1   311.1269837220809         0   50.0000        0         0         0         0
4.0000         0    2   311.1269837220809       240   50.0000        0         0         0         0
4.0000         0    3   311.1269837220809       120   50.0000        0         0         0         0
2.0000         1    4     0.001          0    0              0         0         0         0
2.0000         2    5     0.001          0    0              0         0         0         0
2.0000         3    6     0.001          0    0              0         0         0         0
7.0000 	       4    7	0.01         1e6    0              0         0         0         0
7.0000 	       8    6	0.01         1e6    0              0         0         0         0
7.0000 	       5    7	0.01         1e6    0              0         0         0         0
7.0000 	       8    4	0.01         1e6    0              0         0         0         0
7.0000 	       6    7	0.01         1e6    0              0         0         0         0
7.0000 	       8    5	0.01         1e6    0              0         0         0         0
3.0000         7    8     0.003   0 0 0 0 0 0
1.0000         8    0   1e6              0    0              0         0         0         0
4.0000         0    9   311.1269837220809       345   50.0000        0         0         0         0
4.0000         0   10   311.1269837220809       225   50.0000        0         0         0         0
4.0000         0   11   311.1269837220809       105   50.0000        0         0         0         0
2.0000         9   12     0.001          0    0              0         0         0         0
2.0000        10   13     0.001          0    0              0         0         0         0
2.0000        11   14     0.001          0    0              0         0         0         0
7.0000 	      12   15	0.01         1e6    0              0         0         0         0
7.0000 	      16   14	0.01         1e6    0              0         0         0         0
7.0000 	      13   15	0.01         1e6    0              0         0         0         0
7.0000 	      16   12	0.01         1e6    0              0         0         0         0
7.0000 	      14   15	0.01         1e6    0              0         0         0         0
7.0000 	      16   13	0.01         1e6    0              0         0         0         0
3.0000        15   16     0.003   0 0 0 0 0 0
1.0000        16    0   1e6              0    0              0         0         0         0
4.0000         0   17   311.1269837220809       330   50.0000        0         0         0         0
4.0000         0   18   311.1269837220809       210   50.0000        0         0         0         0
4.0000         0   19   311.1269837220809        90   50.0000        0         0         0         0
2.0000        17   20     0.001          0    0              0         0         0         0
2.0000        18   21     0.001          0    0              0         0         0         0
2.0000        19   22     0.001          0    0              0         0         0         0
7.0000 	      20   23	0.01         1e6    0              0         0         0         0
7.0000 	      24   22	0.01         1e6    0              0         0         0         0
7.0000 	      21   23	0.01         1e6    0              0         0         0         0
7.0000 	      24   20	0.01         1e6    0              0         0         0         0
7.0000 	      22   23	0.01         1e6    0              0         0         0         0
7.0000 	      24   21	0.01         1e6    0              0         0         0         0
3.0000        23   24     0.003   0 0 0 0 0 0
1.0000        24    0   1e6              0    0              0         0         0         0
4.0000         0   25   311.1269837220809       315   50.0000        0         0         0         0
4.0000         0   26   311.1269837220809       195   50.0000        0         0         0         0
4.0000         0   27   311.1269837220809        75   50.0000        0         0         0         0
2.0000        25   28     0.001          0    0              0         0         0         0
2.0000        26   29     0.001          0    0              0         0         0         0
2.0000        27   30     0.001          0    0              0         0         0         0
7.0000 	      28   31	0.01         1e6    0              0         0         0         0
7.0000 	      32   30	0.01         1e6    0              0         0         0         0
7.0000 	      29   31	0.01         1e6    0              0         0         0         0
7.0000 	      32   28	0.01         1e6    0              0         0         0         0
7.0000 	      30   31	0.01         1e6    0              0         0         0         0
7.0000 	      32   29	0.01         1e6    0              0         0         0         0
3.0000        31   32     0.003   0 0 0 0 0 0
1.0000        32    0   1e6            0    0              0         0         0         0
11  33  34  35      44  1   0.01    1e6   0   0
1   34  0   1e6     0   0   0       0   0   0
11  45  46  47      56  2   0.01    1e6   0   0
1   46  0   1e6     0   0   0       0   0   0
11  57  58  59      68  3   0.01    1e6   0   0
1   58  0   1e6     0   0   0       0   0   0
1   35  0   1e6     0   0   0       0   0   0
1   36  0   1e6     0   0   0       0   0   0
1   37  0   1e6     0   0   0       0   0   0
1   38  0   1e6     0   0   0       0   0   0
1   39  0   1e6     0   0   0       0   0   0
1   40  0   1e6     0   0   0       0   0   0
1   41  0   1e6     0   0   0       0   0   0
1   42  0   1e6     0   0   0       0   0   0
1   43  0   1e6     0   0   0       0   0   0
1   44  0   1e6     0   0   0       0   0   0
1   47  0   1e6     0   0   0       0   0   0
1   48  0   1e6     0   0   0       0   0   0
1   49  0   1e6     0   0   0       0   0   0
1   50  0   1e6     0   0   0       0   0   0
1   51  0   1e6     0   0   0       0   0   0
1   52  0   1e6     0   0   0       0   0   0
1   53  0   1e6     0   0   0       0   0   0
1   54  0   1e6     0   0   0       0   0   0
1   55  0   1e6     0   0   0       0   0   0
1   56  0   1e6     0   0   0       0   0   0
1   59  0   1e6     0   0   0       0   0   0
1   60  0   1e6     0   0   0       0   0   0
1   61  0   1e6     0   0   0       0   0   0
1   62  0   1e6     0   0   0       0   0   0
1   63  0   1e6     0   0   0       0   0   0
1   64  0   1e6     0   0   0       0   0   0
1   65  0   1e6     0   0   0       0   0   0
1   66  0   1e6     0   0   0       0   0   0
1   67  0   1e6     0   0   0       0   0   0
1   68  0   1e6     0   0   0       0   0   0
1   35  69    1       0   0   0       0   0   0
2   69  36  0.05    0   0   0       0   0   0
1   37  70    1       0   0   0       0   0   0
2   70  38  0.05    0   0   0       0   0   0
1   39  71    1       0   0   0       0   0   0
2   71  40  0.05    0   0   0       0   0   0
1   41  72    1       0   0   0       0   0   0
2   72  42  0.05    0   0   0       0   0   0
1   43  73    1       0   0   0       0   0   0
2   73  44  0.05    0   0   0       0   0   0
1   47  74    1       0   0   0       0   0   0
2   74  48  0.05    0   0   0       0   0   0
1   49  75    1       0   0   0       0   0   0
2   75  50  0.05    0   0   0       0   0   0
1   51  76    1       0   0   0       0   0   0
2   76  52  0.05    0   0   0       0   0   0
1   53  77    1       0   0   0       0   0   0
2   77  54  0.05    0   0   0       0   0   0
1   55  78    1       0   0   0       0   0   0
2   78  56  0.05    0   0   0       0   0   0
1   59  79    1       0   0   0       0   0   0
2   79  60  0.05    0   0   0       0   0   0
1   61  80    1       0   0   0       0   0   0
2   80  62  0.05    0   0   0       0   0   0
1   63  81    1       0   0   0       0   0   0
2   81  64  0.05    0   0   0       0   0   0
1   65  82    1       0   0   0       0   0   0
2   82  66  0.05    0   0   0       0   0   0
1   67  83    1       0   0   0       0   0   0
2   83  68  0.05    0   0   0       0   0   0
1.0000         8   15   0.001           0    0              0         0         0         0
1.0000        16   23   0.001           0    0              0         0         0         0
1.0000        24   31   0.001           0    0              0         0         0         0
1.0000         7   33   0.001           0    0              0         0         0         0
1.0000        32   58   0.001           0    0              0         0         0         0
1.0000        33   45   0.001           0    0              0         0         0         0
1.0000        45   57   0.001           0    0              0         0         0         0
1.0000        34   46   0.001           0    0              0         0         0         0
1.0000        46   58   0.001           0    0              0         0         0         0