1 2 1 2 0 0 0 0 0 0
3 1 0 32000e-6 0 0 0 0 0 0
3 0 2 32000e-6 0 0 0 0 0 0
4 0 9 400 0 50 0.001 0 0 0
4 0 10 400 240 50 0.001 0 0 0
4 0 11 400 120 50 0.001 0 0 0
22 1 5 0.001 1e6 9 0 0 0 0
7 5 1 0.001 1e6 0 0 0 0 0
22 5 2 0.001 1e6 10 0 0 0 0
7 2 5 0.001 1e6 0 0 0 0 0
22 1 4 0.001 1e6 7 0 0 0 0
7 4 1 0.001 1e6 0 0 0 0 0
22 4 2 0.001 1e6 8 0 0 0 0
7 2 4 0.001 1e6 0 0 0 0 0
22 1 3 0.001 1e6 5 0 0 0 0
7 3 1 0.001 1e6 0 0 0 0 0
22 3 2 0.001 1e6 6 0 0 0 0
7 2 3 0.001 1e6 0 0 0 0 0
1 6 3 0.001 0 0 0 0 0 0
1 7 4 0.001 0 0 0 0 0 0
1 8 5 0.001 0 0 0 0 0 0
2 9 6 0.6e-3 0 0 0 0 0 0
2 10 7 0.6e-3 0 0 0 0 0 0
2 11 8 0.6e-3 0 0 0 0 0 0