   1.0000000e+00   1.0000000e+00   8.4000000e+01
   1.0000000e+00   2.0000000e+00   8.5000000e+01
   1.0000000e+00   3.0000000e+00   8.6000000e+01
   3.0000000e+00   1.3000000e+01   9.7000000e+01
   3.0000000e+00   1.4000000e+01   9.8000000e+01
   3.0000000e+00   1.5000000e+01   9.9000000e+01
   1.0000000e+00   4.0000000e+00   1.0900000e+02
   1.0000000e+00   5.0000000e+00   1.1000000e+02
   1.0000000e+00   6.0000000e+00   1.1100000e+02
   3.0000000e+00   5.0000000e+00   1.2400000e+02
   3.0000000e+00   6.0000000e+00   1.2500000e+02
   3.0000000e+00   7.0000000e+00   1.2600000e+02
   1.0000000e+00   1.0000000e+01   1.9200000e+02
   1.0000000e+00   1.1000000e+01   1.9300000e+02
   5.0000000e+00   1.0000000e+00   1.4300000e+02
   4.0000000e+00   1.0000000e+00   1.8100000e+02
   1.0000000e+00   1.2000000e+01   1.0000000e+00
   1.0000000e+00   1.3000000e+01   2.0000000e+00
   1.0000000e+00   1.4000000e+01   3.0000000e+00
   1.0000000e+00   1.2000000e+01   1.5000000e+01
   1.0000000e+00   1.3000000e+01   1.6000000e+01
   1.0000000e+00   1.4000000e+01   1.7000000e+01
   3.0000000e+00   1.0000000e+01   2.3000000e+01
   3.0000000e+00   1.1000000e+01   2.4000000e+01
   3.0000000e+00   1.2000000e+01   2.5000000e+01
   1.0000000e+00   1.8000000e+01   2.7700000e+02
   1.0000000e+00   1.9000000e+01   2.7800000e+02
   1.0000000e+00   2.0000000e+01   2.7900000e+02
   3.0000000e+00   2.8000000e+01   2.9000000e+02
   3.0000000e+00   2.9000000e+01   2.9100000e+02
   3.0000000e+00   3.0000000e+01   2.9200000e+02
   1.0000000e+00   2.1000000e+01   3.0200000e+02
   1.0000000e+00   2.2000000e+01   3.0300000e+02
   1.0000000e+00   2.3000000e+01   3.0400000e+02
   3.0000000e+00   2.0000000e+01   3.1700000e+02
   3.0000000e+00   2.1000000e+01   3.1800000e+02
   3.0000000e+00   2.2000000e+01   3.1900000e+02
   1.0000000e+00   2.7000000e+01   3.8500000e+02
   1.0000000e+00   2.8000000e+01   3.8600000e+02
   5.0000000e+00   1.6000000e+01   3.3600000e+02
   4.0000000e+00   1.6000000e+01   3.7400000e+02
   1.0000000e+00   2.9000000e+01   1.9400000e+02
   1.0000000e+00   3.0000000e+01   1.9500000e+02
   1.0000000e+00   3.1000000e+01   1.9600000e+02
   1.0000000e+00   2.9000000e+01   2.0800000e+02
   1.0000000e+00   3.0000000e+01   2.0900000e+02
   1.0000000e+00   3.1000000e+01   2.1000000e+02
   3.0000000e+00   2.5000000e+01   2.1600000e+02
   3.0000000e+00   2.6000000e+01   2.1700000e+02
   3.0000000e+00   2.7000000e+01   2.1800000e+02
   1.0000000e+00   3.5000000e+01   4.7000000e+02
   1.0000000e+00   3.6000000e+01   4.7100000e+02
   1.0000000e+00   3.7000000e+01   4.7200000e+02
   3.0000000e+00   4.3000000e+01   4.8300000e+02
   3.0000000e+00   4.4000000e+01   4.8400000e+02
   3.0000000e+00   4.5000000e+01   4.8500000e+02
   1.0000000e+00   3.8000000e+01   4.9500000e+02
   1.0000000e+00   3.9000000e+01   4.9600000e+02
   1.0000000e+00   4.0000000e+01   4.9700000e+02
   3.0000000e+00   3.5000000e+01   5.1000000e+02
   3.0000000e+00   3.6000000e+01   5.1100000e+02
   3.0000000e+00   3.7000000e+01   5.1200000e+02
   1.0000000e+00   4.4000000e+01   5.7800000e+02
   1.0000000e+00   4.5000000e+01   5.7900000e+02
   5.0000000e+00   3.1000000e+01   5.2900000e+02
   4.0000000e+00   3.1000000e+01   5.6700000e+02
   1.0000000e+00   4.6000000e+01   3.8700000e+02
   1.0000000e+00   4.7000000e+01   3.8800000e+02
   1.0000000e+00   4.8000000e+01   3.8900000e+02
   1.0000000e+00   4.6000000e+01   4.0100000e+02
   1.0000000e+00   4.7000000e+01   4.0200000e+02
   1.0000000e+00   4.8000000e+01   4.0300000e+02
   3.0000000e+00   4.0000000e+01   4.0900000e+02
   3.0000000e+00   4.1000000e+01   4.1000000e+02
   3.0000000e+00   4.2000000e+01   4.1100000e+02
   1.0000000e+00   5.2000000e+01   6.6300000e+02
   1.0000000e+00   5.3000000e+01   6.6400000e+02
   1.0000000e+00   5.4000000e+01   6.6500000e+02
   3.0000000e+00   5.8000000e+01   6.7600000e+02
   3.0000000e+00   5.9000000e+01   6.7700000e+02
   3.0000000e+00   6.0000000e+01   6.7800000e+02
   1.0000000e+00   5.5000000e+01   6.8800000e+02
   1.0000000e+00   5.6000000e+01   6.8900000e+02
   1.0000000e+00   5.7000000e+01   6.9000000e+02
   3.0000000e+00   5.0000000e+01   7.0300000e+02
   3.0000000e+00   5.1000000e+01   7.0400000e+02
   3.0000000e+00   5.2000000e+01   7.0500000e+02
   1.0000000e+00   6.1000000e+01   7.7100000e+02
   1.0000000e+00   6.2000000e+01   7.7200000e+02
   5.0000000e+00   4.6000000e+01   7.2200000e+02
   4.0000000e+00   4.6000000e+01   7.6000000e+02
   1.0000000e+00   6.3000000e+01   5.8000000e+02
   1.0000000e+00   6.4000000e+01   5.8100000e+02
   1.0000000e+00   6.5000000e+01   5.8200000e+02
   1.0000000e+00   6.3000000e+01   5.9400000e+02
   1.0000000e+00   6.4000000e+01   5.9500000e+02
   1.0000000e+00   6.5000000e+01   5.9600000e+02
   3.0000000e+00   5.5000000e+01   6.0200000e+02
   3.0000000e+00   5.6000000e+01   6.0300000e+02
   3.0000000e+00   5.7000000e+01   6.0400000e+02
   1.0000000e+00   6.9000000e+01   8.5600000e+02
   1.0000000e+00   7.0000000e+01   8.5700000e+02
   1.0000000e+00   7.1000000e+01   8.5800000e+02
   3.0000000e+00   7.3000000e+01   8.6900000e+02
   3.0000000e+00   7.4000000e+01   8.7000000e+02
   3.0000000e+00   7.5000000e+01   8.7100000e+02
   1.0000000e+00   7.2000000e+01   8.8100000e+02
   1.0000000e+00   7.3000000e+01   8.8200000e+02
   1.0000000e+00   7.4000000e+01   8.8300000e+02
   3.0000000e+00   6.5000000e+01   8.9600000e+02
   3.0000000e+00   6.6000000e+01   8.9700000e+02
   3.0000000e+00   6.7000000e+01   8.9800000e+02
   1.0000000e+00   7.8000000e+01   9.6400000e+02
   1.0000000e+00   7.9000000e+01   9.6500000e+02
   5.0000000e+00   6.1000000e+01   9.1500000e+02
   4.0000000e+00   6.1000000e+01   9.5300000e+02
   1.0000000e+00   8.0000000e+01   7.7300000e+02
   1.0000000e+00   8.1000000e+01   7.7400000e+02
   1.0000000e+00   8.2000000e+01   7.7500000e+02
   1.0000000e+00   8.0000000e+01   7.8700000e+02
   1.0000000e+00   8.1000000e+01   7.8800000e+02
   1.0000000e+00   8.2000000e+01   7.8900000e+02
   3.0000000e+00   7.0000000e+01   7.9500000e+02
   3.0000000e+00   7.1000000e+01   7.9600000e+02
   3.0000000e+00   7.2000000e+01   7.9700000e+02
   1.0000000e+00   8.6000000e+01   1.0490000e+03
   1.0000000e+00   8.7000000e+01   1.0500000e+03
   1.0000000e+00   8.8000000e+01   1.0510000e+03
   3.0000000e+00   8.8000000e+01   1.0620000e+03
   3.0000000e+00   8.9000000e+01   1.0630000e+03
   3.0000000e+00   9.0000000e+01   1.0640000e+03
   1.0000000e+00   8.9000000e+01   1.0740000e+03
   1.0000000e+00   9.0000000e+01   1.0750000e+03
   1.0000000e+00   9.1000000e+01   1.0760000e+03
   3.0000000e+00   8.0000000e+01   1.0890000e+03
   3.0000000e+00   8.1000000e+01   1.0900000e+03
   3.0000000e+00   8.2000000e+01   1.0910000e+03
   1.0000000e+00   9.5000000e+01   1.1570000e+03
   1.0000000e+00   9.6000000e+01   1.1580000e+03
   5.0000000e+00   7.6000000e+01   1.1080000e+03
   4.0000000e+00   7.6000000e+01   1.1460000e+03
   1.0000000e+00   9.7000000e+01   9.6600000e+02
   1.0000000e+00   9.8000000e+01   9.6700000e+02
   1.0000000e+00   9.9000000e+01   9.6800000e+02
   1.0000000e+00   9.7000000e+01   9.8000000e+02
   1.0000000e+00   9.8000000e+01   9.8100000e+02
   1.0000000e+00   9.9000000e+01   9.8200000e+02
   3.0000000e+00   8.5000000e+01   9.8800000e+02
   3.0000000e+00   8.6000000e+01   9.8900000e+02
   3.0000000e+00   8.7000000e+01   9.9000000e+02
   1.0000000e+00   1.0300000e+02   1.2420000e+03
   1.0000000e+00   1.0400000e+02   1.2430000e+03
   1.0000000e+00   1.0500000e+02   1.2440000e+03
   3.0000000e+00   1.0300000e+02   1.2550000e+03
   3.0000000e+00   1.0400000e+02   1.2560000e+03
   3.0000000e+00   1.0500000e+02   1.2570000e+03
   1.0000000e+00   1.0600000e+02   1.2670000e+03
   1.0000000e+00   1.0700000e+02   1.2680000e+03
   1.0000000e+00   1.0800000e+02   1.2690000e+03
   3.0000000e+00   9.5000000e+01   1.2820000e+03
   3.0000000e+00   9.6000000e+01   1.2830000e+03
   3.0000000e+00   9.7000000e+01   1.2840000e+03
   1.0000000e+00   1.1200000e+02   1.3500000e+03
   1.0000000e+00   1.1300000e+02   1.3510000e+03
   5.0000000e+00   9.1000000e+01   1.3010000e+03
   4.0000000e+00   9.1000000e+01   1.3390000e+03
   1.0000000e+00   1.1400000e+02   1.1590000e+03
   1.0000000e+00   1.1500000e+02   1.1600000e+03
   1.0000000e+00   1.1600000e+02   1.1610000e+03
   1.0000000e+00   1.1400000e+02   1.1730000e+03
   1.0000000e+00   1.1500000e+02   1.1740000e+03
   1.0000000e+00   1.1600000e+02   1.1750000e+03
   3.0000000e+00   1.0000000e+02   1.1810000e+03
   3.0000000e+00   1.0100000e+02   1.1820000e+03
   3.0000000e+00   1.0200000e+02   1.1830000e+03
   1.0000000e+00   1.2000000e+02   1.4350000e+03
   1.0000000e+00   1.2100000e+02   1.4360000e+03
   1.0000000e+00   1.2200000e+02   1.4370000e+03
   3.0000000e+00   1.1800000e+02   1.4480000e+03
   3.0000000e+00   1.1900000e+02   1.4490000e+03
   3.0000000e+00   1.2000000e+02   1.4500000e+03
   1.0000000e+00   1.2300000e+02   1.4600000e+03
   1.0000000e+00   1.2400000e+02   1.4610000e+03
   1.0000000e+00   1.2500000e+02   1.4620000e+03
   3.0000000e+00   1.1000000e+02   1.4750000e+03
   3.0000000e+00   1.1100000e+02   1.4760000e+03
   3.0000000e+00   1.1200000e+02   1.4770000e+03
   1.0000000e+00   1.2900000e+02   1.5430000e+03
   1.0000000e+00   1.3000000e+02   1.5440000e+03
   5.0000000e+00   1.0600000e+02   1.4940000e+03
   4.0000000e+00   1.0600000e+02   1.5320000e+03
   1.0000000e+00   1.3100000e+02   1.3520000e+03
   1.0000000e+00   1.3200000e+02   1.3530000e+03
   1.0000000e+00   1.3300000e+02   1.3540000e+03
   1.0000000e+00   1.3100000e+02   1.3660000e+03
   1.0000000e+00   1.3200000e+02   1.3670000e+03
   1.0000000e+00   1.3300000e+02   1.3680000e+03
   3.0000000e+00   1.1500000e+02   1.3740000e+03
   3.0000000e+00   1.1600000e+02   1.3750000e+03
   3.0000000e+00   1.1700000e+02   1.3760000e+03
   1.0000000e+00   1.3700000e+02   1.6280000e+03
   1.0000000e+00   1.3800000e+02   1.6290000e+03
   1.0000000e+00   1.3900000e+02   1.6300000e+03
   3.0000000e+00   1.3300000e+02   1.6410000e+03
   3.0000000e+00   1.3400000e+02   1.6420000e+03
   3.0000000e+00   1.3500000e+02   1.6430000e+03
   1.0000000e+00   1.4000000e+02   1.6530000e+03
   1.0000000e+00   1.4100000e+02   1.6540000e+03
   1.0000000e+00   1.4200000e+02   1.6550000e+03
   3.0000000e+00   1.2500000e+02   1.6680000e+03
   3.0000000e+00   1.2600000e+02   1.6690000e+03
   3.0000000e+00   1.2700000e+02   1.6700000e+03
   1.0000000e+00   1.4600000e+02   1.7360000e+03
   1.0000000e+00   1.4700000e+02   1.7370000e+03
   5.0000000e+00   1.2100000e+02   1.6870000e+03
   4.0000000e+00   1.2100000e+02   1.7250000e+03
   1.0000000e+00   1.4800000e+02   1.5450000e+03
   1.0000000e+00   1.4900000e+02   1.5460000e+03
   1.0000000e+00   1.5000000e+02   1.5470000e+03
   1.0000000e+00   1.4800000e+02   1.5590000e+03
   1.0000000e+00   1.4900000e+02   1.5600000e+03
   1.0000000e+00   1.5000000e+02   1.5610000e+03
   3.0000000e+00   1.3000000e+02   1.5670000e+03
   3.0000000e+00   1.3100000e+02   1.5680000e+03
   3.0000000e+00   1.3200000e+02   1.5690000e+03
   1.0000000e+00   1.5400000e+02   1.8210000e+03
   1.0000000e+00   1.5500000e+02   1.8220000e+03
   1.0000000e+00   1.5600000e+02   1.8230000e+03
   3.0000000e+00   1.4800000e+02   1.8340000e+03
   3.0000000e+00   1.4900000e+02   1.8350000e+03
   3.0000000e+00   1.5000000e+02   1.8360000e+03
   1.0000000e+00   1.5700000e+02   1.8460000e+03
   1.0000000e+00   1.5800000e+02   1.8470000e+03
   1.0000000e+00   1.5900000e+02   1.8480000e+03
   3.0000000e+00   1.4000000e+02   1.8610000e+03
   3.0000000e+00   1.4100000e+02   1.8620000e+03
   3.0000000e+00   1.4200000e+02   1.8630000e+03
   1.0000000e+00   1.6300000e+02   1.9290000e+03
   1.0000000e+00   1.6400000e+02   1.9300000e+03
   5.0000000e+00   1.3600000e+02   1.8800000e+03
   4.0000000e+00   1.3600000e+02   1.9180000e+03
   1.0000000e+00   1.6500000e+02   1.7380000e+03
   1.0000000e+00   1.6600000e+02   1.7390000e+03
   1.0000000e+00   1.6700000e+02   1.7400000e+03
   1.0000000e+00   1.6500000e+02   1.7520000e+03
   1.0000000e+00   1.6600000e+02   1.7530000e+03
   1.0000000e+00   1.6700000e+02   1.7540000e+03
   3.0000000e+00   1.4500000e+02   1.7600000e+03
   3.0000000e+00   1.4600000e+02   1.7610000e+03
   3.0000000e+00   1.4700000e+02   1.7620000e+03