4.0000         0    1   311.1269837220809         0   50.0000        0         0         0         0
4.0000         0    2   311.1269837220809       240   50.0000        0         0         0         0
4.0000         0    3   311.1269837220809       120   50.0000        0         0         0         0
2.0000         1    4     0.001          0    0              0         0         0         0
2.0000         2    5     0.001          0    0              0         0         0         0
2.0000         3    6     0.001          0    0              0         0         0         0
7.0000 	       4    7	0.01         1e6    0              0         0         0         0
7.0000 	       8    6	0.01         1e6    0              0         0         0         0
7.0000 	       5    7	0.01         1e6    0              0         0         0         0
7.0000 	       8    4	0.01         1e6    0              0         0         0         0
7.0000 	       6    7	0.01         1e6    0              0         0         0         0
7.0000 	       8    5	0.01         1e6    0              0         0         0         0
1.0000         8    0   1e6              0    0              0         0         0         0
4.0000         0    9   311.1269837220809       345   50.0000        0         0         0         0
4.0000         0   10   311.1269837220809       225   50.0000        0         0         0         0
4.0000         0   11   311.1269837220809       105   50.0000        0         0         0         0
2.0000         9   12     0.001          0    0              0         0         0         0
2.0000        10   13     0.001          0    0              0         0         0         0
2.0000        11   14     0.001          0    0              0         0         0         0
7.0000 	      12   15	0.01         1e6    0              0         0         0         0
7.0000 	      16   14	0.01         1e6    0              0         0         0         0
7.0000 	      13   15	0.01         1e6    0              0         0         0         0
7.0000 	      16   12	0.01         1e6    0              0         0         0         0
7.0000 	      14   15	0.01         1e6    0              0         0         0         0
7.0000 	      16   13	0.01         1e6    0              0         0         0         0
1.0000        16    0   1e6              0    0              0         0         0         0
4.0000         0   17   311.1269837220809       330   50.0000        0         0         0         0
4.0000         0   18   311.1269837220809       210   50.0000        0         0         0         0
4.0000         0   19   311.1269837220809        90   50.0000        0         0         0         0
2.0000        17   20     0.001          0    0              0         0         0         0
2.0000        18   21     0.001          0    0              0         0         0         0
2.0000        19   22     0.001          0    0              0         0         0         0
7.0000 	      20   23	0.01         1e6    0              0         0         0         0
7.0000 	      24   22	0.01         1e6    0              0         0         0         0
7.0000 	      21   23	0.01         1e6    0              0         0         0         0
7.0000 	      24   20	0.01         1e6    0              0         0         0         0
7.0000 	      22   23	0.01         1e6    0              0         0         0         0
7.0000 	      24   21	0.01         1e6    0              0         0         0         0
1.0000        24    0   1e6              0    0              0         0         0         0
4.0000         0   25   311.1269837220809       315   50.0000        0         0         0         0
4.0000         0   26   311.1269837220809       195   50.0000        0         0         0         0
4.0000         0   27   311.1269837220809        75   50.0000        0         0         0         0
2.0000        25   28     0.001          0    0              0         0         0         0
2.0000        26   29     0.001          0    0              0         0         0         0
2.0000        27   30     0.001          0    0              0         0         0         0
7.0000 	      28   31	0.01         1e6    0              0         0         0         0
7.0000 	      32   30	0.01         1e6    0              0         0         0         0
7.0000 	      29   31	0.01         1e6    0              0         0         0         0
7.0000 	      32   28	0.01         1e6    0              0         0         0         0
7.0000 	      30   31	0.01         1e6    0              0         0         0         0
7.0000 	      32   29	0.01         1e6    0              0         0         0         0
1.0000        32    0   1e6            0    0              0         0         0         0
1.0000         8   15   0.001           0    0              0         0         0         0
1.0000        16   23   0.001           0    0              0         0         0         0
1.0000        24   31   0.001           0    0              0         0         0         0
1.0000         7   33   10           0    0              0         0         0         0
2.0000        33   32     0.05          0    0              0         0         0         0
3.0000         7    8   3e-3           0    0              0         0         0         0
3.0000        15   16   3e-3           0    0              0         0         0         0
3.0000        23   24   3e-3           0    0              0         0         0         0
3.0000        31   32   3e-3           0    0              0         0         0         0