7 1 77 0.001 0 0 0 0 0 0
7 2 78 0.001 0 0 0 0 0 0
7 3 79 0.001 0 0 0 0 0 0
8 77 78 79 4 5 0 0 0 0
12 4 5 6 7 1 0 0 0 0
3 11 0.563382640840131 0 0 0 0 0 0 0
1 6 11 8 4 0 0 0 0 0
10 4 5 7 9 10 0 0 0 0
1 9 11 13 4 0 0 0 0 0
1 10 11 14 4 0 0 0 0 0
7 15 80 0.001 0 0 0 0 0 0
7 16 81 0.001 0 0 0 0 0 0
7 17 82 0.001 0 0 0 0 0 0
8 80 81 82 18 19 0 0 0 0
10 18 19 7 20 21 0 0 0 0
1 20 11 12 4 0 0 0 0 0
1 21 11 22 4 0 0 0 0 0
7 23 26 -0.001 0 0 0 0 0 0
7 24 27 -0.001 0 0 0 0 0 0
7 25 28 -0.001 0 0 0 0 0 0
8 26 27 28 29 30 0 0 0 0
10 29 30 7 31 32 0 0 0 0
3 33 2.366656756312249 0 0 0 0 0 0 0
1 31 33 34 4 0 0 0 0 0
1 32 33 35 4 0 0 0 0 0
7 36 83 -0.001 0 0 0 0 0 0
1 83 11 37 4 0 0 0 0 0
1 37 37 38 3 0 0 0 0 0
3 39 4.5369 0 0 0 0 0 0 0
1 38 39 40 2 0 0 0 0 0
2 40 41 0.335 0.1 0 0 0 0 0
1 41 34 42 2 0 0 0 0 0
2 42 43 5.54 0.01 0 0 0 0 0
1 43 8 44 1 0 0 0 0 0
3 70 0.791831127914304 0 0 0 0 0 0 0
1 35 70 50 3 0 0 0 0 0
1 44 50 45 2 0 0 0 0 0
3 47 0 0 0 0 0 0 0 0
1 47 35 48 2 0 0 0 0 0
2 48 49 5.54 0.01 0 0 0 0 0
1 34 70 51 3 0 0 0 0 0
1 49 51 52 1 0 0 0 0 0
1 45 11 46 3 0 0 0 0 0
1 52 11 53 3 0 0 0 0 0
3 69 2 0 0 0 0 0 0 0
1 46 69 54 3 0 0 0 0 0
1 53 69 55 3 0 0 0 0 0
1 54 83 56 4 0 0 0 0 0
1 55 83 57 4 0 0 0 0 0
12 56 57 58 59 1 0 0 0 0
14 58 60 2 0 0 0 0 0 0
12 60 59 61 62 2 0 0 0 0
11 61 62 7 63 64 0 0 0 0
9 63 64 65 66 67 0 0 0 0
5 68 2000 1 -1 0.5 180 0 0 0
13 65 68 71 72 1 0 0 0 0
13 66 68 73 74 1 0 0 0 0
13 67 68 75 76 1 0 0 0 0
7 84 87 0.001 0 0 0 0 0 0
7 85 88 0.001 0 0 0 0 0 0
7 86 89 0.001 0 0 0 0 0 0
8 87 88 89 90 91 0 0 0 0
10 90 91 92 93 94 0 0 0 0
1 93 11 95 4 0 0 0 0 0
1 94 11 96 4 0 0 0 0 0
7 97 100 -0.001 0 0 0 0 0 0
7 98 101 -0.001 0 0 0 0 0 0
7 99 102 -0.001 0 0 0 0 0 0
8 100 101 102 103 104 0 0 0 0
10 103 104 92 105 106 0 0 0 0
1 105 33 107 4 0 0 0 0 0
1 106 33 108 4 0 0 0 0 0
7 109 112 0.001 0 0 0 0 0 0
7 110 113 0.001 0 0 0 0 0 0
7 111 114 0.001 0 0 0 0 0 0
8 112 113 114 115 116 0 0 0 0
10 115 116 117 118 119 0 0 0 0
1 118 11 120 4 0 0 0 0 0
1 119 11 121 4 0 0 0 0 0
7 120 122 0.3 0 0 0 0 0 0
7 121 123 0.3 0 0 0 0 0 0
7 124 127 0.001 0 0 0 0 0 0
7 125 128 0.001 0 0 0 0 0 0
7 126 129 0.001 0 0 0 0 0 0
8 127 128 129 130 131 0 0 0 0
10 130 131 117 132 133 0 0 0 0
1 132 33 134 4 0 0 0 0 0
1 133 33 135 4 0 0 0 0 0
7 134 136 3.333333333 0 0 0 0 0 0
7 135 137 3.333333333 0 0 0 0 0 0
8 87 88 89 138 139 0 0 0 0
12 138 139 140 141 1 0 0 0 0
3 142 1.570796326794896619 0 0 0 0 0 0 0
1 141 142 92 2 0 0 0 0 0
1 92 143 117 2 0 0 0 0 0
3 144 0 0 0 0 0 0 0 0
1 144 145 184 2 0 0 0 0 0
2 184 146 0.6 0.05 0 0 0 0 0
1 147 148 191 2 0 0 0 0 0
2 191 149 0.6 0.05 0 0 0 0 0
1 146 136 150 2 0 0 0 0 0
1 149 137 151 2 0 0 0 0 0
2 150 152 1.355 0.1 0 0 0 0 0
2 151 153 1.355 0.1 0 0 0 0 0
1 152 144 154 1 0 0 0 0 0
1 153 144 155 1 0 0 0 0 0
7 154 156 3.333333333 0 0 0 0 0 0
7 155 157 3.333333333 0 0 0 0 0 0
1 156 11 158 3 0 0 0 0 0
1 157 11 159 3 0 0 0 0 0
7 158 160 2 0 0 0 0 0 0
7 159 161 2 0 0 0 0 0 0
1 160 83 162 4 0 0 0 0 0
1 161 83 163 4 0 0 0 0 0
12 162 163 164 165 1 0 0 0 0
14 164 166 2 0 0 0 0 0 0
12 166 165 167 168 2 0 0 0 0
11 167 168 117 169 170 0 0 0 0
9 169 170 171 172 173 0 0 0 0
5 174 2000 1 -1 0.5 180 0 0 0
13 171 174 175 176 1 0 0 0 0
13 172 174 177 178 1 0 0 0 0
13 173 174 179 180 1 0 0 0 0
1 181 181 182 3 0 0 0 0 0
1 182 181 183 3 0 0 0 0 0
7 183 147 0.6208 0 0 0 0 0 0
1 90 103 185 3 0 0 0 0 0
1 91 104 186 3 0 0 0 0 0
1 185 186 187 1 0 0 0 0 0
7 187 148 0.75 0 0 0 0 0 0
1 90 104 188 3 0 0 0 0 0
1 91 103 189 3 0 0 0 0 0
1 189 188 190 2 0 0 0 0 0
7 190 145 0.75 0 0 0 0 0 0
1 193 192 36 2 0 0 0 0 0