   1.0000000e+00   1.0000000e+00   1.0000000e+00
   1.0000000e+00   2.0000000e+00   2.0000000e+00
   1.0000000e+00   3.0000000e+00   3.0000000e+00
   1.0000000e+00   1.0000000e+00   1.5000000e+01
   1.0000000e+00   2.0000000e+00   1.6000000e+01
   1.0000000e+00   3.0000000e+00   1.7000000e+01
   3.0000000e+00   2.0000000e+00   2.3000000e+01
   3.0000000e+00   3.0000000e+00   2.4000000e+01
   3.0000000e+00   4.0000000e+00   2.5000000e+01
   1.0000000e+00   4.0000000e+00   8.4000000e+01
   1.0000000e+00   5.0000000e+00   8.5000000e+01
   1.0000000e+00   6.0000000e+00   8.6000000e+01
   1.0000000e+00   7.0000000e+00   8.7000000e+01
   1.0000000e+00   8.0000000e+00   8.8000000e+01
   1.0000000e+00   6.0000000e+00   1.0000000e+02
   1.0000000e+00   7.0000000e+00   1.0100000e+02
   1.0000000e+00   8.0000000e+00   1.0200000e+02
   3.0000000e+00   7.0000000e+00   1.0800000e+02
   3.0000000e+00   8.0000000e+00   1.0900000e+02
   3.0000000e+00   9.0000000e+00   1.1000000e+02
   1.0000000e+00   9.0000000e+00   1.6900000e+02
   1.0000000e+00   1.0000000e+01   1.7000000e+02
   1.0000000e+00   1.1000000e+01   1.7100000e+02
   1.0000000e+00   1.2000000e+01   1.7200000e+02
   1.0000000e+00   1.3000000e+01   1.7300000e+02
   1.0000000e+00   1.1000000e+01   1.8500000e+02
   1.0000000e+00   1.2000000e+01   1.8600000e+02
   1.0000000e+00   1.3000000e+01   1.8700000e+02
   3.0000000e+00   1.2000000e+01   1.9300000e+02
   3.0000000e+00   1.3000000e+01   1.9400000e+02
   3.0000000e+00   1.4000000e+01   1.9500000e+02
   1.0000000e+00   1.4000000e+01   2.5400000e+02
   1.0000000e+00   1.5000000e+01   2.5500000e+02
   1.0000000e+00   1.6000000e+01   2.5600000e+02
   1.0000000e+00   1.7000000e+01   2.5700000e+02
   1.0000000e+00   1.8000000e+01   2.5800000e+02
   1.0000000e+00   1.6000000e+01   2.7000000e+02
   1.0000000e+00   1.7000000e+01   2.7100000e+02
   1.0000000e+00   1.8000000e+01   2.7200000e+02
   3.0000000e+00   1.7000000e+01   2.7800000e+02
   3.0000000e+00   1.8000000e+01   2.7900000e+02
   3.0000000e+00   1.9000000e+01   2.8000000e+02
   1.0000000e+00   1.9000000e+01   3.3900000e+02
   1.0000000e+00   2.0000000e+01   3.4000000e+02
   1.0000000e+00   2.1000000e+01   3.4100000e+02
   1.0000000e+00   2.2000000e+01   3.4200000e+02
   1.0000000e+00   2.3000000e+01   3.4300000e+02
   1.0000000e+00   2.1000000e+01   3.5500000e+02
   1.0000000e+00   2.2000000e+01   3.5600000e+02
   1.0000000e+00   2.3000000e+01   3.5700000e+02
   3.0000000e+00   2.2000000e+01   3.6300000e+02
   3.0000000e+00   2.3000000e+01   3.6400000e+02
   3.0000000e+00   2.4000000e+01   3.6500000e+02
   1.0000000e+00   2.4000000e+01   4.2400000e+02
   1.0000000e+00   2.5000000e+01   4.2500000e+02
   1.0000000e+00   2.6000000e+01   4.2600000e+02
   1.0000000e+00   2.7000000e+01   4.2700000e+02
   1.0000000e+00   2.8000000e+01   4.2800000e+02
   1.0000000e+00   2.6000000e+01   4.4000000e+02
   1.0000000e+00   2.7000000e+01   4.4100000e+02
   1.0000000e+00   2.8000000e+01   4.4200000e+02
   3.0000000e+00   2.7000000e+01   4.4800000e+02
   3.0000000e+00   2.8000000e+01   4.4900000e+02
   3.0000000e+00   2.9000000e+01   4.5000000e+02
   1.0000000e+00   2.9000000e+01   5.0900000e+02
   1.0000000e+00   3.0000000e+01   5.1000000e+02
   1.0000000e+00   3.1000000e+01   5.1100000e+02
   1.0000000e+00   3.2000000e+01   5.1200000e+02
   1.0000000e+00   3.3000000e+01   5.1300000e+02
   1.0000000e+00   3.1000000e+01   5.2500000e+02
   1.0000000e+00   3.2000000e+01   5.2600000e+02
   1.0000000e+00   3.3000000e+01   5.2700000e+02
   3.0000000e+00   3.2000000e+01   5.3300000e+02
   3.0000000e+00   3.3000000e+01   5.3400000e+02
   3.0000000e+00   3.4000000e+01   5.3500000e+02
   1.0000000e+00   3.4000000e+01   5.9400000e+02
   1.0000000e+00   3.5000000e+01   5.9500000e+02
   1.0000000e+00   3.6000000e+01   5.9600000e+02
   1.0000000e+00   3.7000000e+01   5.9700000e+02
   1.0000000e+00   3.8000000e+01   5.9800000e+02
   1.0000000e+00   3.6000000e+01   6.1000000e+02
   1.0000000e+00   3.7000000e+01   6.1100000e+02
   1.0000000e+00   3.8000000e+01   6.1200000e+02
   3.0000000e+00   3.7000000e+01   6.1800000e+02
   3.0000000e+00   3.8000000e+01   6.1900000e+02
   3.0000000e+00   3.9000000e+01   6.2000000e+02
   1.0000000e+00   3.9000000e+01   6.7900000e+02
   1.0000000e+00   4.0000000e+01   6.8000000e+02
   1.0000000e+00   4.1000000e+01   6.8100000e+02
   1.0000000e+00   4.2000000e+01   6.8200000e+02
   1.0000000e+00   4.3000000e+01   6.8300000e+02
   1.0000000e+00   4.1000000e+01   6.9500000e+02
   1.0000000e+00   4.2000000e+01   6.9600000e+02
   1.0000000e+00   4.3000000e+01   6.9700000e+02
   3.0000000e+00   4.2000000e+01   7.0300000e+02
   3.0000000e+00   4.3000000e+01   7.0400000e+02
   3.0000000e+00   4.4000000e+01   7.0500000e+02
   1.0000000e+00   4.4000000e+01   7.6400000e+02
   1.0000000e+00   4.5000000e+01   7.6500000e+02
   1.0000000e+00   4.6000000e+01   7.6600000e+02
   1.0000000e+00   4.7000000e+01   7.6700000e+02
   1.0000000e+00   4.8000000e+01   7.6800000e+02
   1.0000000e+00   4.6000000e+01   7.8000000e+02
   1.0000000e+00   4.7000000e+01   7.8100000e+02
   1.0000000e+00   4.8000000e+01   7.8200000e+02
   3.0000000e+00   4.7000000e+01   7.8800000e+02
   3.0000000e+00   4.8000000e+01   7.8900000e+02
   3.0000000e+00   4.9000000e+01   7.9000000e+02
   1.0000000e+00   4.9000000e+01   8.4900000e+02
   1.0000000e+00   5.0000000e+01   8.5000000e+02
   1.0000000e+00   5.1000000e+01   8.5100000e+02
   1.0000000e+00   5.2000000e+01   8.5200000e+02
   1.0000000e+00   5.3000000e+01   8.5300000e+02
   1.0000000e+00   5.1000000e+01   8.6500000e+02
   1.0000000e+00   5.2000000e+01   8.6600000e+02
   1.0000000e+00   5.3000000e+01   8.6700000e+02
   3.0000000e+00   5.2000000e+01   8.7300000e+02
   3.0000000e+00   5.3000000e+01   8.7400000e+02
   3.0000000e+00   5.4000000e+01   8.7500000e+02
   1.0000000e+00   5.4000000e+01   9.3400000e+02
   1.0000000e+00   5.5000000e+01   9.3500000e+02
   1.0000000e+00   5.6000000e+01   9.3600000e+02
   1.0000000e+00   5.7000000e+01   9.3700000e+02
   1.0000000e+00   5.8000000e+01   9.3800000e+02
   1.0000000e+00   5.6000000e+01   9.5000000e+02
   1.0000000e+00   5.7000000e+01   9.5100000e+02
   1.0000000e+00   5.8000000e+01   9.5200000e+02
   3.0000000e+00   5.7000000e+01   9.5800000e+02
   3.0000000e+00   5.8000000e+01   9.5900000e+02
   3.0000000e+00   5.9000000e+01   9.6000000e+02
   1.0000000e+00   5.9000000e+01   1.0190000e+03
   1.0000000e+00   6.0000000e+01   1.0200000e+03
   1.0000000e+00   6.1000000e+01   1.0210000e+03
   1.0000000e+00   6.2000000e+01   1.0220000e+03
   1.0000000e+00   6.3000000e+01   1.0230000e+03
   1.0000000e+00   6.1000000e+01   1.0350000e+03
   1.0000000e+00   6.2000000e+01   1.0360000e+03
   1.0000000e+00   6.3000000e+01   1.0370000e+03
   3.0000000e+00   6.2000000e+01   1.0430000e+03
   3.0000000e+00   6.3000000e+01   1.0440000e+03
   3.0000000e+00   6.4000000e+01   1.0450000e+03
   1.0000000e+00   6.4000000e+01   1.1040000e+03
   1.0000000e+00   6.5000000e+01   1.1050000e+03
   1.0000000e+00   6.6000000e+01   1.1060000e+03
   1.0000000e+00   6.7000000e+01   1.1070000e+03
   1.0000000e+00   6.8000000e+01   1.1080000e+03
   1.0000000e+00   6.6000000e+01   1.1200000e+03
   1.0000000e+00   6.7000000e+01   1.1210000e+03
   1.0000000e+00   6.8000000e+01   1.1220000e+03
   3.0000000e+00   6.7000000e+01   1.1280000e+03
   3.0000000e+00   6.8000000e+01   1.1290000e+03
   3.0000000e+00   6.9000000e+01   1.1300000e+03
   1.0000000e+00   6.9000000e+01   1.1890000e+03
   1.0000000e+00   7.0000000e+01   1.1900000e+03
   1.0000000e+00   7.1000000e+01   1.1910000e+03
   1.0000000e+00   7.2000000e+01   1.1920000e+03
   1.0000000e+00   7.3000000e+01   1.1930000e+03
   1.0000000e+00   7.1000000e+01   1.2050000e+03
   1.0000000e+00   7.2000000e+01   1.2060000e+03
   1.0000000e+00   7.3000000e+01   1.2070000e+03
   3.0000000e+00   7.2000000e+01   1.2130000e+03
   3.0000000e+00   7.3000000e+01   1.2140000e+03
   3.0000000e+00   7.4000000e+01   1.2150000e+03
   1.0000000e+00   7.4000000e+01   1.2740000e+03
   1.0000000e+00   7.5000000e+01   1.2750000e+03
   1.0000000e+00   7.6000000e+01   1.2760000e+03
   1.0000000e+00   7.7000000e+01   1.2770000e+03
   1.0000000e+00   7.8000000e+01   1.2780000e+03
   1.0000000e+00   7.6000000e+01   1.2900000e+03
   1.0000000e+00   7.7000000e+01   1.2910000e+03
   1.0000000e+00   7.8000000e+01   1.2920000e+03
   3.0000000e+00   7.7000000e+01   1.2980000e+03
   3.0000000e+00   7.8000000e+01   1.2990000e+03
   3.0000000e+00   7.9000000e+01   1.3000000e+03
   1.0000000e+00   7.9000000e+01   1.3590000e+03
   1.0000000e+00   8.0000000e+01   1.3600000e+03
   1.0000000e+00   8.1000000e+01   1.3610000e+03
   1.0000000e+00   8.2000000e+01   1.3620000e+03
   1.0000000e+00   8.3000000e+01   1.3630000e+03
   1.0000000e+00   8.1000000e+01   1.3750000e+03
   1.0000000e+00   8.2000000e+01   1.3760000e+03
   1.0000000e+00   8.3000000e+01   1.3770000e+03
   3.0000000e+00   8.2000000e+01   1.3830000e+03
   3.0000000e+00   8.3000000e+01   1.3840000e+03
   3.0000000e+00   8.4000000e+01   1.3850000e+03
   1.0000000e+00   8.4000000e+01   1.4440000e+03
   1.0000000e+00   8.5000000e+01   1.4450000e+03
   1.0000000e+00   8.6000000e+01   1.4460000e+03
   1.0000000e+00   8.7000000e+01   1.4470000e+03
   1.0000000e+00   8.8000000e+01   1.4480000e+03
   1.0000000e+00   8.6000000e+01   1.4600000e+03
   1.0000000e+00   8.7000000e+01   1.4610000e+03
   1.0000000e+00   8.8000000e+01   1.4620000e+03
   3.0000000e+00   8.7000000e+01   1.4680000e+03
   3.0000000e+00   8.8000000e+01   1.4690000e+03
   3.0000000e+00   8.9000000e+01   1.4700000e+03
   1.0000000e+00   8.9000000e+01   1.5290000e+03
   1.0000000e+00   9.0000000e+01   1.5300000e+03
   1.0000000e+00   9.1000000e+01   1.5310000e+03
   1.0000000e+00   9.2000000e+01   1.5320000e+03
   1.0000000e+00   9.3000000e+01   1.5330000e+03
   1.0000000e+00   9.1000000e+01   1.5450000e+03
   1.0000000e+00   9.2000000e+01   1.5460000e+03
   1.0000000e+00   9.3000000e+01   1.5470000e+03
   3.0000000e+00   9.2000000e+01   1.5530000e+03
   3.0000000e+00   9.3000000e+01   1.5540000e+03
   3.0000000e+00   9.4000000e+01   1.5550000e+03
   1.0000000e+00   9.4000000e+01   1.6140000e+03
   1.0000000e+00   9.5000000e+01   1.6150000e+03
   1.0000000e+00   9.6000000e+01   1.6160000e+03
   1.0000000e+00   9.7000000e+01   1.6170000e+03
   1.0000000e+00   9.8000000e+01   1.6180000e+03
   1.0000000e+00   9.6000000e+01   1.6300000e+03
   1.0000000e+00   9.7000000e+01   1.6310000e+03
   1.0000000e+00   9.8000000e+01   1.6320000e+03
   3.0000000e+00   9.7000000e+01   1.6380000e+03
   3.0000000e+00   9.8000000e+01   1.6390000e+03
   3.0000000e+00   9.9000000e+01   1.6400000e+03
   1.0000000e+00   9.9000000e+01   1.6990000e+03
   1.0000000e+00   1.0000000e+02   1.7000000e+03
   1.0000000e+00   1.0100000e+02   1.7010000e+03
   1.0000000e+00   1.0200000e+02   1.7020000e+03
   1.0000000e+00   1.0300000e+02   1.7030000e+03
   1.0000000e+00   1.0100000e+02   1.7150000e+03
   1.0000000e+00   1.0200000e+02   1.7160000e+03
   1.0000000e+00   1.0300000e+02   1.7170000e+03
   3.0000000e+00   1.0200000e+02   1.7230000e+03
   3.0000000e+00   1.0300000e+02   1.7240000e+03
   3.0000000e+00   1.0400000e+02   1.7250000e+03
   1.0000000e+00   1.0400000e+02   1.7840000e+03
   1.0000000e+00   1.0500000e+02   1.7850000e+03
   1.0000000e+00   1.0600000e+02   1.7860000e+03
   1.0000000e+00   1.0700000e+02   1.7870000e+03
   1.0000000e+00   1.0800000e+02   1.7880000e+03
   1.0000000e+00   1.0600000e+02   1.8000000e+03
   1.0000000e+00   1.0700000e+02   1.8010000e+03
   1.0000000e+00   1.0800000e+02   1.8020000e+03
   3.0000000e+00   1.0700000e+02   1.8080000e+03
   3.0000000e+00   1.0800000e+02   1.8090000e+03
   3.0000000e+00   1.0900000e+02   1.8100000e+03
   1.0000000e+00   1.0900000e+02   1.8690000e+03
   1.0000000e+00   1.1000000e+02   1.8700000e+03
   1.0000000e+00   1.1100000e+02   1.8710000e+03
   1.0000000e+00   1.1200000e+02   1.8720000e+03
   1.0000000e+00   1.1300000e+02   1.8730000e+03
   1.0000000e+00   1.1100000e+02   1.8850000e+03
   1.0000000e+00   1.1200000e+02   1.8860000e+03
   1.0000000e+00   1.1300000e+02   1.8870000e+03
   3.0000000e+00   1.1200000e+02   1.8930000e+03
   3.0000000e+00   1.1300000e+02   1.8940000e+03
   3.0000000e+00   1.1400000e+02   1.8950000e+03
   1.0000000e+00   1.1400000e+02   1.9540000e+03
   1.0000000e+00   1.1500000e+02   1.9550000e+03
   1.0000000e+00   1.1600000e+02   1.9560000e+03
   1.0000000e+00   1.1700000e+02   1.9570000e+03
   1.0000000e+00   1.1800000e+02   1.9580000e+03
   1.0000000e+00   1.1600000e+02   1.9700000e+03
   1.0000000e+00   1.1700000e+02   1.9710000e+03
   1.0000000e+00   1.1800000e+02   1.9720000e+03
   3.0000000e+00   1.1700000e+02   1.9780000e+03
   3.0000000e+00   1.1800000e+02   1.9790000e+03
   3.0000000e+00   1.1900000e+02   1.9800000e+03
   1.0000000e+00   1.1900000e+02   2.0390000e+03
   1.0000000e+00   1.2000000e+02   2.0400000e+03
   1.0000000e+00   1.2100000e+02   2.0410000e+03
   1.0000000e+00   1.2200000e+02   2.0420000e+03
   1.0000000e+00   1.2300000e+02   2.0430000e+03
   1.0000000e+00   1.2100000e+02   2.0550000e+03
   1.0000000e+00   1.2200000e+02   2.0560000e+03
   1.0000000e+00   1.2300000e+02   2.0570000e+03
   3.0000000e+00   1.2200000e+02   2.0630000e+03
   3.0000000e+00   1.2300000e+02   2.0640000e+03
   3.0000000e+00   1.2400000e+02   2.0650000e+03
   1.0000000e+00   1.2400000e+02   2.1240000e+03
   1.0000000e+00   1.2500000e+02   2.1250000e+03
   1.0000000e+00   1.2600000e+02   2.1260000e+03
   1.0000000e+00   1.2700000e+02   2.1270000e+03
   1.0000000e+00   1.2800000e+02   2.1280000e+03
   1.0000000e+00   1.2600000e+02   2.1400000e+03
   1.0000000e+00   1.2700000e+02   2.1410000e+03
   1.0000000e+00   1.2800000e+02   2.1420000e+03
   3.0000000e+00   1.2700000e+02   2.1480000e+03
   3.0000000e+00   1.2800000e+02   2.1490000e+03
   3.0000000e+00   1.2900000e+02   2.1500000e+03
   1.0000000e+00   1.2900000e+02   2.2090000e+03
   1.0000000e+00   1.3000000e+02   2.2100000e+03
   1.0000000e+00   1.3100000e+02   2.2110000e+03
   1.0000000e+00   1.3200000e+02   2.2120000e+03
   1.0000000e+00   1.3300000e+02   2.2130000e+03
   1.0000000e+00   1.3100000e+02   2.2250000e+03
   1.0000000e+00   1.3200000e+02   2.2260000e+03
   1.0000000e+00   1.3300000e+02   2.2270000e+03
   3.0000000e+00   1.3200000e+02   2.2330000e+03
   3.0000000e+00   1.3300000e+02   2.2340000e+03
   3.0000000e+00   1.3400000e+02   2.2350000e+03
   1.0000000e+00   1.3400000e+02   2.2940000e+03
   1.0000000e+00   1.3500000e+02   2.2950000e+03
   1.0000000e+00   1.3600000e+02   2.2960000e+03
   1.0000000e+00   1.3700000e+02   2.2970000e+03
   1.0000000e+00   1.3800000e+02   2.2980000e+03
   1.0000000e+00   1.3600000e+02   2.3100000e+03
   1.0000000e+00   1.3700000e+02   2.3110000e+03
   1.0000000e+00   1.3800000e+02   2.3120000e+03
   3.0000000e+00   1.3700000e+02   2.3180000e+03
   3.0000000e+00   1.3800000e+02   2.3190000e+03
   3.0000000e+00   1.3900000e+02   2.3200000e+03
   1.0000000e+00   1.3900000e+02   2.3790000e+03
   1.0000000e+00   1.4000000e+02   2.3800000e+03
   1.0000000e+00   1.4100000e+02   2.3810000e+03
   1.0000000e+00   1.4200000e+02   2.3820000e+03
   1.0000000e+00   1.4300000e+02   2.3830000e+03
   1.0000000e+00   1.4100000e+02   2.3950000e+03
   1.0000000e+00   1.4200000e+02   2.3960000e+03
   1.0000000e+00   1.4300000e+02   2.3970000e+03
   3.0000000e+00   1.4200000e+02   2.4030000e+03
   3.0000000e+00   1.4300000e+02   2.4040000e+03
   3.0000000e+00   1.4400000e+02   2.4050000e+03
   1.0000000e+00   1.4400000e+02   2.4640000e+03
   1.0000000e+00   1.4500000e+02   2.4650000e+03
   1.0000000e+00   1.4600000e+02   2.4660000e+03
   1.0000000e+00   1.4700000e+02   2.4670000e+03
   1.0000000e+00   1.4800000e+02   2.4680000e+03
   1.0000000e+00   1.4600000e+02   2.4800000e+03
   1.0000000e+00   1.4700000e+02   2.4810000e+03
   1.0000000e+00   1.4800000e+02   2.4820000e+03
   3.0000000e+00   1.4700000e+02   2.4880000e+03
   3.0000000e+00   1.4800000e+02   2.4890000e+03
   3.0000000e+00   1.4900000e+02   2.4900000e+03
   1.0000000e+00   1.4900000e+02   2.5490000e+03
   1.0000000e+00   1.5000000e+02   2.5500000e+03
   1.0000000e+00   1.5100000e+02   2.5510000e+03
   1.0000000e+00   1.5200000e+02   2.5520000e+03
   1.0000000e+00   1.5300000e+02   2.5530000e+03
   1.0000000e+00   1.5100000e+02   2.5650000e+03
   1.0000000e+00   1.5200000e+02   2.5660000e+03
   1.0000000e+00   1.5300000e+02   2.5670000e+03
   3.0000000e+00   1.5200000e+02   2.5730000e+03
   3.0000000e+00   1.5300000e+02   2.5740000e+03
   3.0000000e+00   1.5400000e+02   2.5750000e+03
   1.0000000e+00   1.5400000e+02   2.6340000e+03
   1.0000000e+00   1.5500000e+02   2.6350000e+03
   1.0000000e+00   1.5600000e+02   2.6360000e+03
   1.0000000e+00   1.5700000e+02   2.6370000e+03
   1.0000000e+00   1.5800000e+02   2.6380000e+03
   1.0000000e+00   1.5600000e+02   2.6500000e+03
   1.0000000e+00   1.5700000e+02   2.6510000e+03
   1.0000000e+00   1.5800000e+02   2.6520000e+03
   3.0000000e+00   1.5700000e+02   2.6580000e+03
   3.0000000e+00   1.5800000e+02   2.6590000e+03
   3.0000000e+00   1.5900000e+02   2.6600000e+03
   1.0000000e+00   1.5900000e+02   2.7190000e+03
   1.0000000e+00   1.6000000e+02   2.7200000e+03
   1.0000000e+00   1.6100000e+02   2.7210000e+03
   1.0000000e+00   1.6200000e+02   2.7220000e+03
   1.0000000e+00   1.6300000e+02   2.7230000e+03
   1.0000000e+00   1.6100000e+02   2.7350000e+03
   1.0000000e+00   1.6200000e+02   2.7360000e+03
   1.0000000e+00   1.6300000e+02   2.7370000e+03
   3.0000000e+00   1.6200000e+02   2.7430000e+03
   3.0000000e+00   1.6300000e+02   2.7440000e+03
   3.0000000e+00   1.6400000e+02   2.7450000e+03
   1.0000000e+00   1.6400000e+02   2.8040000e+03
   1.0000000e+00   1.6500000e+02   2.8050000e+03
   1.0000000e+00   1.6600000e+02   2.8060000e+03
   1.0000000e+00   1.6700000e+02   2.8070000e+03
   1.0000000e+00   1.6800000e+02   2.8080000e+03
   1.0000000e+00   1.6600000e+02   2.8200000e+03
   1.0000000e+00   1.6700000e+02   2.8210000e+03
   1.0000000e+00   1.6800000e+02   2.8220000e+03
   3.0000000e+00   1.6700000e+02   2.8280000e+03
   3.0000000e+00   1.6800000e+02   2.8290000e+03
   3.0000000e+00   1.6900000e+02   2.8300000e+03
   1.0000000e+00   1.6900000e+02   2.8890000e+03
   1.0000000e+00   1.7000000e+02   2.8900000e+03
   1.0000000e+00   1.7100000e+02   2.8910000e+03
   1.0000000e+00   1.7200000e+02   2.8920000e+03
   1.0000000e+00   1.7300000e+02   2.8930000e+03
   1.0000000e+00   1.7100000e+02   2.9050000e+03
   1.0000000e+00   1.7200000e+02   2.9060000e+03
   1.0000000e+00   1.7300000e+02   2.9070000e+03
   3.0000000e+00   1.7200000e+02   2.9130000e+03
   3.0000000e+00   1.7300000e+02   2.9140000e+03
   3.0000000e+00   1.7400000e+02   2.9150000e+03
   1.0000000e+00   1.7400000e+02   2.9740000e+03
   1.0000000e+00   1.7500000e+02   2.9750000e+03
   1.0000000e+00   1.7600000e+02   2.9760000e+03
   1.0000000e+00   1.7700000e+02   2.9770000e+03
   1.0000000e+00   1.7800000e+02   2.9780000e+03
   1.0000000e+00   1.7600000e+02   2.9900000e+03
   1.0000000e+00   1.7700000e+02   2.9910000e+03
   1.0000000e+00   1.7800000e+02   2.9920000e+03
   3.0000000e+00   1.7700000e+02   2.9980000e+03
   3.0000000e+00   1.7800000e+02   2.9990000e+03
   3.0000000e+00   1.7900000e+02   3.0000000e+03
   1.0000000e+00   1.7900000e+02   3.0590000e+03
   1.0000000e+00   1.8000000e+02   3.0600000e+03
   1.0000000e+00   1.8100000e+02   3.0610000e+03
   1.0000000e+00   1.8200000e+02   3.0620000e+03
   1.0000000e+00   1.8300000e+02   3.0630000e+03
   1.0000000e+00   1.8100000e+02   3.0750000e+03
   1.0000000e+00   1.8200000e+02   3.0760000e+03
   1.0000000e+00   1.8300000e+02   3.0770000e+03
   3.0000000e+00   1.8200000e+02   3.0830000e+03
   3.0000000e+00   1.8300000e+02   3.0840000e+03
   3.0000000e+00   1.8400000e+02   3.0850000e+03
   1.0000000e+00   1.8400000e+02   3.1440000e+03
   1.0000000e+00   1.8500000e+02   3.1450000e+03
   1.0000000e+00   1.8600000e+02   3.1460000e+03
   1.0000000e+00   1.8700000e+02   3.1470000e+03
   1.0000000e+00   1.8800000e+02   3.1480000e+03
   1.0000000e+00   1.8600000e+02   3.1600000e+03
   1.0000000e+00   1.8700000e+02   3.1610000e+03
   1.0000000e+00   1.8800000e+02   3.1620000e+03
   3.0000000e+00   1.8700000e+02   3.1680000e+03
   3.0000000e+00   1.8800000e+02   3.1690000e+03
   3.0000000e+00   1.8900000e+02   3.1700000e+03
   1.0000000e+00   1.8900000e+02   3.2290000e+03
   1.0000000e+00   1.9000000e+02   3.2300000e+03
   1.0000000e+00   1.9100000e+02   3.2310000e+03
   1.0000000e+00   1.9200000e+02   3.2320000e+03
   1.0000000e+00   1.9300000e+02   3.2330000e+03
   1.0000000e+00   1.9100000e+02   3.2450000e+03
   1.0000000e+00   1.9200000e+02   3.2460000e+03
   1.0000000e+00   1.9300000e+02   3.2470000e+03
   3.0000000e+00   1.9200000e+02   3.2530000e+03
   3.0000000e+00   1.9300000e+02   3.2540000e+03
   3.0000000e+00   1.9400000e+02   3.2550000e+03
   1.0000000e+00   1.9400000e+02   3.3140000e+03
   1.0000000e+00   1.9500000e+02   3.3150000e+03
   1.0000000e+00   1.9600000e+02   3.3160000e+03
   1.0000000e+00   1.9700000e+02   3.3170000e+03
   1.0000000e+00   1.9800000e+02   3.3180000e+03
   1.0000000e+00   1.9600000e+02   3.3300000e+03
   1.0000000e+00   1.9700000e+02   3.3310000e+03
   1.0000000e+00   1.9800000e+02   3.3320000e+03
   3.0000000e+00   1.9700000e+02   3.3380000e+03
   3.0000000e+00   1.9800000e+02   3.3390000e+03
   3.0000000e+00   1.9900000e+02   3.3400000e+03
   1.0000000e+00   1.9900000e+02   3.3990000e+03
   1.0000000e+00   2.0000000e+02   3.4000000e+03
   1.0000000e+00   2.0100000e+02   3.4010000e+03
   1.0000000e+00   2.0200000e+02   3.4020000e+03
   1.0000000e+00   2.0300000e+02   3.4030000e+03
   1.0000000e+00   2.0100000e+02   3.4150000e+03
   1.0000000e+00   2.0200000e+02   3.4160000e+03
   1.0000000e+00   2.0300000e+02   3.4170000e+03
   3.0000000e+00   2.0200000e+02   3.4230000e+03
   3.0000000e+00   2.0300000e+02   3.4240000e+03
   3.0000000e+00   2.0400000e+02   3.4250000e+03
   1.0000000e+00   2.0400000e+02   3.4840000e+03
   1.0000000e+00   2.0500000e+02   3.4850000e+03
   1.0000000e+00   2.0600000e+02   3.4860000e+03
   1.0000000e+00   2.0700000e+02   3.4870000e+03
   1.0000000e+00   2.0800000e+02   3.4880000e+03
   1.0000000e+00   2.0600000e+02   3.5000000e+03
   1.0000000e+00   2.0700000e+02   3.5010000e+03
   1.0000000e+00   2.0800000e+02   3.5020000e+03
   3.0000000e+00   2.0700000e+02   3.5080000e+03
   3.0000000e+00   2.0800000e+02   3.5090000e+03
   3.0000000e+00   2.0900000e+02   3.5100000e+03
   1.0000000e+00   2.0900000e+02   3.5690000e+03
   1.0000000e+00   2.1000000e+02   3.5700000e+03
   1.0000000e+00   2.1100000e+02   3.5710000e+03
   1.0000000e+00   2.1200000e+02   3.5720000e+03
   1.0000000e+00   2.1300000e+02   3.5730000e+03
   1.0000000e+00   2.1100000e+02   3.5850000e+03
   1.0000000e+00   2.1200000e+02   3.5860000e+03
   1.0000000e+00   2.1300000e+02   3.5870000e+03
   3.0000000e+00   2.1200000e+02   3.5930000e+03
   3.0000000e+00   2.1300000e+02   3.5940000e+03
   3.0000000e+00   2.1400000e+02   3.5950000e+03
   1.0000000e+00   2.1400000e+02   3.6540000e+03
   1.0000000e+00   2.1500000e+02   3.6550000e+03
   1.0000000e+00   2.1600000e+02   3.6560000e+03
   1.0000000e+00   2.1700000e+02   3.6570000e+03
   1.0000000e+00   2.1800000e+02   3.6580000e+03
   1.0000000e+00   2.1600000e+02   3.6700000e+03
   1.0000000e+00   2.1700000e+02   3.6710000e+03
   1.0000000e+00   2.1800000e+02   3.6720000e+03
   3.0000000e+00   2.1700000e+02   3.6780000e+03
   3.0000000e+00   2.1800000e+02   3.6790000e+03
   3.0000000e+00   2.1900000e+02   3.6800000e+03
   1.0000000e+00   2.1900000e+02   3.7390000e+03
   1.0000000e+00   2.2000000e+02   3.7400000e+03
   1.0000000e+00   2.2100000e+02   3.7410000e+03
   1.0000000e+00   2.2200000e+02   3.7420000e+03
   1.0000000e+00   2.2300000e+02   3.7430000e+03
   1.0000000e+00   2.2100000e+02   3.7550000e+03
   1.0000000e+00   2.2200000e+02   3.7560000e+03
   1.0000000e+00   2.2300000e+02   3.7570000e+03
   3.0000000e+00   2.2200000e+02   3.7630000e+03
   3.0000000e+00   2.2300000e+02   3.7640000e+03
   3.0000000e+00   2.2400000e+02   3.7650000e+03
   1.0000000e+00   2.2400000e+02   3.8240000e+03
   1.0000000e+00   2.2500000e+02   3.8250000e+03
   1.0000000e+00   2.2600000e+02   3.8260000e+03
   1.0000000e+00   2.2700000e+02   3.8270000e+03
   1.0000000e+00   2.2800000e+02   3.8280000e+03
   1.0000000e+00   2.2600000e+02   3.8400000e+03
   1.0000000e+00   2.2700000e+02   3.8410000e+03
   1.0000000e+00   2.2800000e+02   3.8420000e+03
   3.0000000e+00   2.2700000e+02   3.8480000e+03
   3.0000000e+00   2.2800000e+02   3.8490000e+03
   3.0000000e+00   2.2900000e+02   3.8500000e+03
   1.0000000e+00   2.2900000e+02   3.9090000e+03
   1.0000000e+00   2.3000000e+02   3.9100000e+03
   1.0000000e+00   2.3100000e+02   3.9110000e+03
   1.0000000e+00   2.3200000e+02   3.9120000e+03
   1.0000000e+00   2.3300000e+02   3.9130000e+03
   1.0000000e+00   2.3100000e+02   3.9250000e+03
   1.0000000e+00   2.3200000e+02   3.9260000e+03
   1.0000000e+00   2.3300000e+02   3.9270000e+03
   3.0000000e+00   2.3200000e+02   3.9330000e+03
   3.0000000e+00   2.3300000e+02   3.9340000e+03
   3.0000000e+00   2.3400000e+02   3.9350000e+03
   1.0000000e+00   2.3400000e+02   3.9940000e+03
   1.0000000e+00   2.3500000e+02   3.9950000e+03
   1.0000000e+00   2.3600000e+02   3.9960000e+03
   1.0000000e+00   2.3700000e+02   3.9970000e+03
   1.0000000e+00   2.3800000e+02   3.9980000e+03
   1.0000000e+00   2.3600000e+02   4.0100000e+03
   1.0000000e+00   2.3700000e+02   4.0110000e+03
   1.0000000e+00   2.3800000e+02   4.0120000e+03
   3.0000000e+00   2.3700000e+02   4.0180000e+03
   3.0000000e+00   2.3800000e+02   4.0190000e+03
   3.0000000e+00   2.3900000e+02   4.0200000e+03
   1.0000000e+00   2.3900000e+02   4.0790000e+03
   1.0000000e+00   2.4000000e+02   4.0800000e+03
   1.0000000e+00   2.4100000e+02   4.0810000e+03
   1.0000000e+00   2.4200000e+02   4.0820000e+03
   1.0000000e+00   2.4300000e+02   4.0830000e+03
   1.0000000e+00   2.4100000e+02   4.0950000e+03
   1.0000000e+00   2.4200000e+02   4.0960000e+03
   1.0000000e+00   2.4300000e+02   4.0970000e+03
   3.0000000e+00   2.4200000e+02   4.1030000e+03
   3.0000000e+00   2.4300000e+02   4.1040000e+03
   3.0000000e+00   2.4400000e+02   4.1050000e+03
   1.0000000e+00   2.4400000e+02   4.1640000e+03
   1.0000000e+00   2.4500000e+02   4.1650000e+03
   1.0000000e+00   2.4600000e+02   4.1660000e+03
   1.0000000e+00   2.4700000e+02   4.1670000e+03
   1.0000000e+00   2.4800000e+02   4.1680000e+03
   1.0000000e+00   2.4600000e+02   4.1800000e+03
   1.0000000e+00   2.4700000e+02   4.1810000e+03
   1.0000000e+00   2.4800000e+02   4.1820000e+03
   3.0000000e+00   2.4700000e+02   4.1880000e+03
   3.0000000e+00   2.4800000e+02   4.1890000e+03
   3.0000000e+00   2.4900000e+02   4.1900000e+03
   1.0000000e+00   2.4900000e+02   4.2490000e+03
   1.0000000e+00   2.5000000e+02   4.2500000e+03
   1.0000000e+00   2.5100000e+02   4.2510000e+03
   1.0000000e+00   2.5200000e+02   4.2520000e+03
   1.0000000e+00   2.5300000e+02   4.2530000e+03
   1.0000000e+00   2.5100000e+02   4.2650000e+03
   1.0000000e+00   2.5200000e+02   4.2660000e+03
   1.0000000e+00   2.5300000e+02   4.2670000e+03
   3.0000000e+00   2.5200000e+02   4.2730000e+03
   3.0000000e+00   2.5300000e+02   4.2740000e+03
   3.0000000e+00   2.5400000e+02   4.2750000e+03
   1.0000000e+00   2.5400000e+02   4.3340000e+03
   1.0000000e+00   2.5500000e+02   4.3350000e+03
   1.0000000e+00   2.5600000e+02   4.3360000e+03
   1.0000000e+00   2.5700000e+02   4.3370000e+03
   1.0000000e+00   2.5800000e+02   4.3380000e+03
   1.0000000e+00   2.5600000e+02   4.3500000e+03
   1.0000000e+00   2.5700000e+02   4.3510000e+03
   1.0000000e+00   2.5800000e+02   4.3520000e+03
   3.0000000e+00   2.5700000e+02   4.3580000e+03
   3.0000000e+00   2.5800000e+02   4.3590000e+03
   3.0000000e+00   2.5900000e+02   4.3600000e+03
   1.0000000e+00   2.5900000e+02   4.4190000e+03
   1.0000000e+00   2.6000000e+02   4.4200000e+03
   1.0000000e+00   2.6100000e+02   4.4210000e+03
   1.0000000e+00   2.6200000e+02   4.4220000e+03
   1.0000000e+00   2.6300000e+02   4.4230000e+03
   1.0000000e+00   2.6100000e+02   4.4350000e+03
   1.0000000e+00   2.6200000e+02   4.4360000e+03
   1.0000000e+00   2.6300000e+02   4.4370000e+03
   3.0000000e+00   2.6200000e+02   4.4430000e+03
   3.0000000e+00   2.6300000e+02   4.4440000e+03
   3.0000000e+00   2.6400000e+02   4.4450000e+03
   1.0000000e+00   2.6400000e+02   4.5040000e+03
   1.0000000e+00   2.6500000e+02   4.5050000e+03
   1.0000000e+00   2.6600000e+02   4.5060000e+03
   1.0000000e+00   2.6700000e+02   4.5070000e+03
   1.0000000e+00   2.6800000e+02   4.5080000e+03
   1.0000000e+00   2.6600000e+02   4.5200000e+03
   1.0000000e+00   2.6700000e+02   4.5210000e+03
   1.0000000e+00   2.6800000e+02   4.5220000e+03
   3.0000000e+00   2.6700000e+02   4.5280000e+03
   3.0000000e+00   2.6800000e+02   4.5290000e+03
   3.0000000e+00   2.6900000e+02   4.5300000e+03
   1.0000000e+00   2.6900000e+02   4.5890000e+03
   1.0000000e+00   2.7000000e+02   4.5900000e+03
   1.0000000e+00   2.7100000e+02   4.5910000e+03
   1.0000000e+00   2.7200000e+02   4.5920000e+03
   1.0000000e+00   2.7300000e+02   4.5930000e+03
   1.0000000e+00   2.7100000e+02   4.6050000e+03
   1.0000000e+00   2.7200000e+02   4.6060000e+03
   1.0000000e+00   2.7300000e+02   4.6070000e+03
   3.0000000e+00   2.7200000e+02   4.6130000e+03
   3.0000000e+00   2.7300000e+02   4.6140000e+03
   3.0000000e+00   2.7400000e+02   4.6150000e+03
   1.0000000e+00   2.7400000e+02   4.6740000e+03
   1.0000000e+00   2.7500000e+02   4.6750000e+03
   1.0000000e+00   2.7600000e+02   4.6760000e+03
   1.0000000e+00   2.7700000e+02   4.6770000e+03
   1.0000000e+00   2.7800000e+02   4.6780000e+03
   1.0000000e+00   2.7600000e+02   4.6900000e+03
   1.0000000e+00   2.7700000e+02   4.6910000e+03
   1.0000000e+00   2.7800000e+02   4.6920000e+03
   3.0000000e+00   2.7700000e+02   4.6980000e+03
   3.0000000e+00   2.7800000e+02   4.6990000e+03
   3.0000000e+00   2.7900000e+02   4.7000000e+03
   1.0000000e+00   2.7900000e+02   4.7590000e+03
   1.0000000e+00   2.8000000e+02   4.7600000e+03
   1.0000000e+00   2.8100000e+02   4.7610000e+03
   1.0000000e+00   2.8200000e+02   4.7620000e+03
   1.0000000e+00   2.8300000e+02   4.7630000e+03
   1.0000000e+00   2.8100000e+02   4.7750000e+03
   1.0000000e+00   2.8200000e+02   4.7760000e+03
   1.0000000e+00   2.8300000e+02   4.7770000e+03
   3.0000000e+00   2.8200000e+02   4.7830000e+03
   3.0000000e+00   2.8300000e+02   4.7840000e+03
   3.0000000e+00   2.8400000e+02   4.7850000e+03
   1.0000000e+00   2.8400000e+02   4.8440000e+03
   1.0000000e+00   2.8500000e+02   4.8450000e+03
   1.0000000e+00   2.8600000e+02   4.8460000e+03
   1.0000000e+00   2.8700000e+02   4.8470000e+03
   1.0000000e+00   2.8800000e+02   4.8480000e+03
   1.0000000e+00   2.8600000e+02   4.8600000e+03
   1.0000000e+00   2.8700000e+02   4.8610000e+03
   1.0000000e+00   2.8800000e+02   4.8620000e+03
   3.0000000e+00   2.8700000e+02   4.8680000e+03
   3.0000000e+00   2.8800000e+02   4.8690000e+03
   3.0000000e+00   2.8900000e+02   4.8700000e+03
   1.0000000e+00   2.8900000e+02   4.9290000e+03
   1.0000000e+00   2.9000000e+02   4.9300000e+03
   1.0000000e+00   2.9100000e+02   4.9310000e+03
   1.0000000e+00   2.9200000e+02   4.9320000e+03
   1.0000000e+00   2.9300000e+02   4.9330000e+03
   1.0000000e+00   2.9100000e+02   4.9450000e+03
   1.0000000e+00   2.9200000e+02   4.9460000e+03
   1.0000000e+00   2.9300000e+02   4.9470000e+03
   3.0000000e+00   2.9200000e+02   4.9530000e+03
   3.0000000e+00   2.9300000e+02   4.9540000e+03
   3.0000000e+00   2.9400000e+02   4.9550000e+03
   1.0000000e+00   2.9400000e+02   5.0140000e+03
   1.0000000e+00   2.9500000e+02   5.0150000e+03
   1.0000000e+00   2.9600000e+02   5.0160000e+03
   1.0000000e+00   2.9700000e+02   5.0170000e+03
   1.0000000e+00   2.9800000e+02   5.0180000e+03
   1.0000000e+00   2.9600000e+02   5.0300000e+03
   1.0000000e+00   2.9700000e+02   5.0310000e+03
   1.0000000e+00   2.9800000e+02   5.0320000e+03
   3.0000000e+00   2.9700000e+02   5.0380000e+03
   3.0000000e+00   2.9800000e+02   5.0390000e+03
   3.0000000e+00   2.9900000e+02   5.0400000e+03
   1.0000000e+00   2.9900000e+02   5.0990000e+03
   1.0000000e+00   3.0000000e+02   5.1000000e+03
   1.0000000e+00   3.0100000e+02   5.1010000e+03
   1.0000000e+00   3.0200000e+02   5.1020000e+03
   1.0000000e+00   3.0300000e+02   5.1030000e+03
   1.0000000e+00   3.0100000e+02   5.1150000e+03
   1.0000000e+00   3.0200000e+02   5.1160000e+03
   1.0000000e+00   3.0300000e+02   5.1170000e+03
   3.0000000e+00   3.0200000e+02   5.1230000e+03
   3.0000000e+00   3.0300000e+02   5.1240000e+03
   3.0000000e+00   3.0400000e+02   5.1250000e+03
   1.0000000e+00   3.0400000e+02   5.1840000e+03
   1.0000000e+00   3.0500000e+02   5.1850000e+03
   1.0000000e+00   3.0600000e+02   5.1860000e+03
   1.0000000e+00   3.0700000e+02   5.1870000e+03
   1.0000000e+00   3.0800000e+02   5.1880000e+03
   1.0000000e+00   3.0600000e+02   5.2000000e+03
   1.0000000e+00   3.0700000e+02   5.2010000e+03
   1.0000000e+00   3.0800000e+02   5.2020000e+03
   3.0000000e+00   3.0700000e+02   5.2080000e+03
   3.0000000e+00   3.0800000e+02   5.2090000e+03
   3.0000000e+00   3.0900000e+02   5.2100000e+03
   1.0000000e+00   3.0900000e+02   5.2690000e+03
   1.0000000e+00   3.1000000e+02   5.2700000e+03
   1.0000000e+00   3.1100000e+02   5.2710000e+03
   1.0000000e+00   3.1200000e+02   5.2720000e+03
   1.0000000e+00   3.1300000e+02   5.2730000e+03
   1.0000000e+00   3.1100000e+02   5.2850000e+03
   1.0000000e+00   3.1200000e+02   5.2860000e+03
   1.0000000e+00   3.1300000e+02   5.2870000e+03
   3.0000000e+00   3.1200000e+02   5.2930000e+03
   3.0000000e+00   3.1300000e+02   5.2940000e+03
   3.0000000e+00   3.1400000e+02   5.2950000e+03
   1.0000000e+00   3.1400000e+02   5.3540000e+03
   1.0000000e+00   3.1500000e+02   5.3550000e+03
   1.0000000e+00   3.1600000e+02   5.3560000e+03
   1.0000000e+00   3.1700000e+02   5.3570000e+03
   1.0000000e+00   3.1800000e+02   5.3580000e+03
   1.0000000e+00   3.1600000e+02   5.3700000e+03
   1.0000000e+00   3.1700000e+02   5.3710000e+03
   1.0000000e+00   3.1800000e+02   5.3720000e+03
   3.0000000e+00   3.1700000e+02   5.3780000e+03
   3.0000000e+00   3.1800000e+02   5.3790000e+03
   3.0000000e+00   3.1900000e+02   5.3800000e+03
   1.0000000e+00   3.1900000e+02   5.4390000e+03
   1.0000000e+00   3.2000000e+02   5.4400000e+03
   1.0000000e+00   3.2100000e+02   5.4410000e+03
   1.0000000e+00   3.2200000e+02   5.4420000e+03
   1.0000000e+00   3.2300000e+02   5.4430000e+03
   1.0000000e+00   3.2100000e+02   5.4550000e+03
   1.0000000e+00   3.2200000e+02   5.4560000e+03
   1.0000000e+00   3.2300000e+02   5.4570000e+03
   3.0000000e+00   3.2200000e+02   5.4630000e+03
   3.0000000e+00   3.2300000e+02   5.4640000e+03
   3.0000000e+00   3.2400000e+02   5.4650000e+03
   1.0000000e+00   3.2400000e+02   5.5240000e+03
   1.0000000e+00   3.2500000e+02   5.5250000e+03
   1.0000000e+00   3.2600000e+02   5.5260000e+03
   1.0000000e+00   3.2700000e+02   5.5270000e+03
   1.0000000e+00   3.2800000e+02   5.5280000e+03
   1.0000000e+00   3.2600000e+02   5.5400000e+03
   1.0000000e+00   3.2700000e+02   5.5410000e+03
   1.0000000e+00   3.2800000e+02   5.5420000e+03
   3.0000000e+00   3.2700000e+02   5.5480000e+03
   3.0000000e+00   3.2800000e+02   5.5490000e+03
   3.0000000e+00   3.2900000e+02   5.5500000e+03
   1.0000000e+00   3.2900000e+02   5.6090000e+03
   1.0000000e+00   3.3000000e+02   5.6100000e+03
   1.0000000e+00   3.3100000e+02   5.6110000e+03
   1.0000000e+00   3.3200000e+02   5.6120000e+03
   1.0000000e+00   3.3300000e+02   5.6130000e+03
   1.0000000e+00   3.3100000e+02   5.6250000e+03
   1.0000000e+00   3.3200000e+02   5.6260000e+03
   1.0000000e+00   3.3300000e+02   5.6270000e+03
   3.0000000e+00   3.3200000e+02   5.6330000e+03
   3.0000000e+00   3.3300000e+02   5.6340000e+03
   3.0000000e+00   3.3400000e+02   5.6350000e+03
   1.0000000e+00   3.3400000e+02   5.6940000e+03
   1.0000000e+00   3.3500000e+02   5.6950000e+03
   1.0000000e+00   3.3600000e+02   5.6960000e+03
   1.0000000e+00   3.3700000e+02   5.6970000e+03
   1.0000000e+00   3.3800000e+02   5.6980000e+03
   1.0000000e+00   3.3600000e+02   5.7100000e+03
   1.0000000e+00   3.3700000e+02   5.7110000e+03
   1.0000000e+00   3.3800000e+02   5.7120000e+03
   3.0000000e+00   3.3700000e+02   5.7180000e+03
   3.0000000e+00   3.3800000e+02   5.7190000e+03
   3.0000000e+00   3.3900000e+02   5.7200000e+03
   1.0000000e+00   3.3900000e+02   5.7790000e+03
   1.0000000e+00   3.4000000e+02   5.7800000e+03
   1.0000000e+00   3.4100000e+02   5.7810000e+03
   1.0000000e+00   3.4200000e+02   5.7820000e+03
   1.0000000e+00   3.4300000e+02   5.7830000e+03
   1.0000000e+00   3.4100000e+02   5.7950000e+03
   1.0000000e+00   3.4200000e+02   5.7960000e+03
   1.0000000e+00   3.4300000e+02   5.7970000e+03
   3.0000000e+00   3.4200000e+02   5.8030000e+03
   3.0000000e+00   3.4300000e+02   5.8040000e+03
   3.0000000e+00   3.4400000e+02   5.8050000e+03
   1.0000000e+00   3.4400000e+02   5.8640000e+03
   1.0000000e+00   3.4500000e+02   5.8650000e+03
   1.0000000e+00   3.4600000e+02   5.8660000e+03
   1.0000000e+00   3.4700000e+02   5.8670000e+03
   1.0000000e+00   3.4800000e+02   5.8680000e+03
   1.0000000e+00   3.4600000e+02   5.8800000e+03
   1.0000000e+00   3.4700000e+02   5.8810000e+03
   1.0000000e+00   3.4800000e+02   5.8820000e+03
   3.0000000e+00   3.4700000e+02   5.8880000e+03
   3.0000000e+00   3.4800000e+02   5.8890000e+03
   3.0000000e+00   3.4900000e+02   5.8900000e+03
   1.0000000e+00   3.4900000e+02   5.9490000e+03
   1.0000000e+00   3.5000000e+02   5.9500000e+03
   1.0000000e+00   3.5100000e+02   5.9510000e+03
   1.0000000e+00   3.5200000e+02   5.9520000e+03
   1.0000000e+00   3.5300000e+02   5.9530000e+03
   1.0000000e+00   3.5100000e+02   5.9650000e+03
   1.0000000e+00   3.5200000e+02   5.9660000e+03
   1.0000000e+00   3.5300000e+02   5.9670000e+03
   3.0000000e+00   3.5200000e+02   5.9730000e+03
   3.0000000e+00   3.5300000e+02   5.9740000e+03
   3.0000000e+00   3.5400000e+02   5.9750000e+03
   1.0000000e+00   3.5400000e+02   6.0340000e+03
   1.0000000e+00   3.5500000e+02   6.0350000e+03
   1.0000000e+00   3.5600000e+02   6.0360000e+03
   1.0000000e+00   3.5700000e+02   6.0370000e+03
   1.0000000e+00   3.5800000e+02   6.0380000e+03
   1.0000000e+00   3.5600000e+02   6.0500000e+03
   1.0000000e+00   3.5700000e+02   6.0510000e+03
   1.0000000e+00   3.5800000e+02   6.0520000e+03
   3.0000000e+00   3.5700000e+02   6.0580000e+03
   3.0000000e+00   3.5800000e+02   6.0590000e+03
   3.0000000e+00   3.5900000e+02   6.0600000e+03
   1.0000000e+00   3.5900000e+02   6.1190000e+03
   1.0000000e+00   3.6000000e+02   6.1200000e+03
   1.0000000e+00   3.6100000e+02   6.1210000e+03
   1.0000000e+00   3.6200000e+02   6.1220000e+03
   1.0000000e+00   3.6300000e+02   6.1230000e+03
   1.0000000e+00   3.6100000e+02   6.1350000e+03
   1.0000000e+00   3.6200000e+02   6.1360000e+03
   1.0000000e+00   3.6300000e+02   6.1370000e+03
   3.0000000e+00   3.6200000e+02   6.1430000e+03
   3.0000000e+00   3.6300000e+02   6.1440000e+03
   3.0000000e+00   3.6400000e+02   6.1450000e+03
   1.0000000e+00   3.6400000e+02   6.2040000e+03
   1.0000000e+00   3.6500000e+02   6.2050000e+03
   1.0000000e+00   3.6600000e+02   6.2060000e+03
   1.0000000e+00   3.6700000e+02   6.2070000e+03
   1.0000000e+00   3.6800000e+02   6.2080000e+03
   1.0000000e+00   3.6600000e+02   6.2200000e+03
   1.0000000e+00   3.6700000e+02   6.2210000e+03
   1.0000000e+00   3.6800000e+02   6.2220000e+03
   3.0000000e+00   3.6700000e+02   6.2280000e+03
   3.0000000e+00   3.6800000e+02   6.2290000e+03
   3.0000000e+00   3.6900000e+02   6.2300000e+03
   1.0000000e+00   3.6900000e+02   6.2890000e+03
   1.0000000e+00   3.7000000e+02   6.2900000e+03
   1.0000000e+00   3.7100000e+02   6.2910000e+03
   1.0000000e+00   3.7200000e+02   6.2920000e+03
   1.0000000e+00   3.7300000e+02   6.2930000e+03
   1.0000000e+00   3.7100000e+02   6.3050000e+03
   1.0000000e+00   3.7200000e+02   6.3060000e+03
   1.0000000e+00   3.7300000e+02   6.3070000e+03
   3.0000000e+00   3.7200000e+02   6.3130000e+03
   3.0000000e+00   3.7300000e+02   6.3140000e+03
   3.0000000e+00   3.7400000e+02   6.3150000e+03
   1.0000000e+00   3.7400000e+02   6.3740000e+03
   1.0000000e+00   3.7500000e+02   6.3750000e+03
   1.0000000e+00   3.7600000e+02   6.3760000e+03
   1.0000000e+00   3.7700000e+02   6.3770000e+03
   1.0000000e+00   3.7800000e+02   6.3780000e+03
   1.0000000e+00   3.7600000e+02   6.3900000e+03
   1.0000000e+00   3.7700000e+02   6.3910000e+03
   1.0000000e+00   3.7800000e+02   6.3920000e+03
   3.0000000e+00   3.7700000e+02   6.3980000e+03
   3.0000000e+00   3.7800000e+02   6.3990000e+03
   3.0000000e+00   3.7900000e+02   6.4000000e+03
   1.0000000e+00   3.7900000e+02   6.4590000e+03
   1.0000000e+00   3.8000000e+02   6.4600000e+03
   1.0000000e+00   3.8100000e+02   6.4610000e+03
   1.0000000e+00   3.8200000e+02   6.4620000e+03
   1.0000000e+00   3.8300000e+02   6.4630000e+03
   1.0000000e+00   3.8100000e+02   6.4750000e+03
   1.0000000e+00   3.8200000e+02   6.4760000e+03
   1.0000000e+00   3.8300000e+02   6.4770000e+03
   3.0000000e+00   3.8200000e+02   6.4830000e+03
   3.0000000e+00   3.8300000e+02   6.4840000e+03
   3.0000000e+00   3.8400000e+02   6.4850000e+03
   1.0000000e+00   3.8400000e+02   6.5440000e+03
   1.0000000e+00   3.8500000e+02   6.5450000e+03
   1.0000000e+00   3.8600000e+02   6.5460000e+03
   1.0000000e+00   3.8700000e+02   6.5470000e+03
   1.0000000e+00   3.8800000e+02   6.5480000e+03
   1.0000000e+00   3.8600000e+02   6.5600000e+03
   1.0000000e+00   3.8700000e+02   6.5610000e+03
   1.0000000e+00   3.8800000e+02   6.5620000e+03
   3.0000000e+00   3.8700000e+02   6.5680000e+03
   3.0000000e+00   3.8800000e+02   6.5690000e+03
   3.0000000e+00   3.8900000e+02   6.5700000e+03
   1.0000000e+00   3.8900000e+02   6.6290000e+03
   1.0000000e+00   3.9000000e+02   6.6300000e+03
   1.0000000e+00   3.9100000e+02   6.6310000e+03
   1.0000000e+00   3.9200000e+02   6.6320000e+03
   1.0000000e+00   3.9300000e+02   6.6330000e+03
   1.0000000e+00   3.9100000e+02   6.6450000e+03
   1.0000000e+00   3.9200000e+02   6.6460000e+03
   1.0000000e+00   3.9300000e+02   6.6470000e+03
   3.0000000e+00   3.9200000e+02   6.6530000e+03
   3.0000000e+00   3.9300000e+02   6.6540000e+03
   3.0000000e+00   3.9400000e+02   6.6550000e+03
   1.0000000e+00   3.9400000e+02   6.7140000e+03
   1.0000000e+00   3.9500000e+02   6.7150000e+03
   1.0000000e+00   3.9600000e+02   6.7160000e+03
   1.0000000e+00   3.9700000e+02   6.7170000e+03
   1.0000000e+00   3.9800000e+02   6.7180000e+03
   1.0000000e+00   3.9600000e+02   6.7300000e+03
   1.0000000e+00   3.9700000e+02   6.7310000e+03
   1.0000000e+00   3.9800000e+02   6.7320000e+03
   3.0000000e+00   3.9700000e+02   6.7380000e+03
   3.0000000e+00   3.9800000e+02   6.7390000e+03
   3.0000000e+00   3.9900000e+02   6.7400000e+03
   1.0000000e+00   3.9900000e+02   6.7990000e+03
   1.0000000e+00   4.0000000e+02   6.8000000e+03
   1.0000000e+00   4.0100000e+02   6.8010000e+03
   1.0000000e+00   4.0200000e+02   6.8020000e+03
   1.0000000e+00   4.0300000e+02   6.8030000e+03
   1.0000000e+00   4.0100000e+02   6.8150000e+03
   1.0000000e+00   4.0200000e+02   6.8160000e+03
   1.0000000e+00   4.0300000e+02   6.8170000e+03
   3.0000000e+00   4.0200000e+02   6.8230000e+03
   3.0000000e+00   4.0300000e+02   6.8240000e+03
   3.0000000e+00   4.0400000e+02   6.8250000e+03
   1.0000000e+00   4.0400000e+02   6.8840000e+03
   1.0000000e+00   4.0500000e+02   6.8850000e+03
   1.0000000e+00   4.0600000e+02   6.8860000e+03
   1.0000000e+00   4.0700000e+02   6.8870000e+03
   1.0000000e+00   4.0800000e+02   6.8880000e+03
   1.0000000e+00   4.0600000e+02   6.9000000e+03
   1.0000000e+00   4.0700000e+02   6.9010000e+03
   1.0000000e+00   4.0800000e+02   6.9020000e+03
   3.0000000e+00   4.0700000e+02   6.9080000e+03
   3.0000000e+00   4.0800000e+02   6.9090000e+03
   3.0000000e+00   4.0900000e+02   6.9100000e+03
   1.0000000e+00   4.0900000e+02   6.9690000e+03
   1.0000000e+00   4.1000000e+02   6.9700000e+03
   1.0000000e+00   4.1100000e+02   6.9710000e+03
   1.0000000e+00   4.1200000e+02   6.9720000e+03
   1.0000000e+00   4.1300000e+02   6.9730000e+03
   1.0000000e+00   4.1100000e+02   6.9850000e+03
   1.0000000e+00   4.1200000e+02   6.9860000e+03
   1.0000000e+00   4.1300000e+02   6.9870000e+03
   3.0000000e+00   4.1200000e+02   6.9930000e+03
   3.0000000e+00   4.1300000e+02   6.9940000e+03
   3.0000000e+00   4.1400000e+02   6.9950000e+03
   1.0000000e+00   4.1400000e+02   7.0540000e+03
   1.0000000e+00   4.1500000e+02   7.0550000e+03
   1.0000000e+00   4.1600000e+02   7.0560000e+03
   1.0000000e+00   4.1700000e+02   7.0570000e+03
   1.0000000e+00   4.1800000e+02   7.0580000e+03
   1.0000000e+00   4.1600000e+02   7.0700000e+03
   1.0000000e+00   4.1700000e+02   7.0710000e+03
   1.0000000e+00   4.1800000e+02   7.0720000e+03
   3.0000000e+00   4.1700000e+02   7.0780000e+03
   3.0000000e+00   4.1800000e+02   7.0790000e+03
   3.0000000e+00   4.1900000e+02   7.0800000e+03
   1.0000000e+00   4.1900000e+02   7.1390000e+03
   1.0000000e+00   4.2000000e+02   7.1400000e+03
   1.0000000e+00   4.2100000e+02   7.1410000e+03
   1.0000000e+00   4.2200000e+02   7.1420000e+03
   1.0000000e+00   4.2300000e+02   7.1430000e+03
   1.0000000e+00   4.2100000e+02   7.1550000e+03
   1.0000000e+00   4.2200000e+02   7.1560000e+03
   1.0000000e+00   4.2300000e+02   7.1570000e+03
   3.0000000e+00   4.2200000e+02   7.1630000e+03
   3.0000000e+00   4.2300000e+02   7.1640000e+03
   3.0000000e+00   4.2400000e+02   7.1650000e+03
   1.0000000e+00   4.2400000e+02   7.2240000e+03
   1.0000000e+00   4.2500000e+02   7.2250000e+03
   1.0000000e+00   4.2600000e+02   7.2260000e+03
   1.0000000e+00   4.2700000e+02   7.2270000e+03
   1.0000000e+00   4.2800000e+02   7.2280000e+03
   1.0000000e+00   4.2600000e+02   7.2400000e+03
   1.0000000e+00   4.2700000e+02   7.2410000e+03
   1.0000000e+00   4.2800000e+02   7.2420000e+03
   3.0000000e+00   4.2700000e+02   7.2480000e+03
   3.0000000e+00   4.2800000e+02   7.2490000e+03
   3.0000000e+00   4.2900000e+02   7.2500000e+03
   1.0000000e+00   4.2900000e+02   7.3090000e+03
   1.0000000e+00   4.3000000e+02   7.3100000e+03
   1.0000000e+00   4.3100000e+02   7.3110000e+03
   1.0000000e+00   4.3200000e+02   7.3120000e+03
   1.0000000e+00   4.3300000e+02   7.3130000e+03
   1.0000000e+00   4.3100000e+02   7.3250000e+03
   1.0000000e+00   4.3200000e+02   7.3260000e+03
   1.0000000e+00   4.3300000e+02   7.3270000e+03
   3.0000000e+00   4.3200000e+02   7.3330000e+03
   3.0000000e+00   4.3300000e+02   7.3340000e+03
   3.0000000e+00   4.3400000e+02   7.3350000e+03
   1.0000000e+00   4.3400000e+02   7.3940000e+03
   1.0000000e+00   4.3500000e+02   7.3950000e+03
   1.0000000e+00   4.3600000e+02   7.3960000e+03
   1.0000000e+00   4.3700000e+02   7.3970000e+03
   1.0000000e+00   4.3800000e+02   7.3980000e+03
   1.0000000e+00   4.3600000e+02   7.4100000e+03
   1.0000000e+00   4.3700000e+02   7.4110000e+03
   1.0000000e+00   4.3800000e+02   7.4120000e+03
   3.0000000e+00   4.3700000e+02   7.4180000e+03
   3.0000000e+00   4.3800000e+02   7.4190000e+03
   3.0000000e+00   4.3900000e+02   7.4200000e+03
   1.0000000e+00   4.3900000e+02   7.4790000e+03
   1.0000000e+00   4.4000000e+02   7.4800000e+03
   1.0000000e+00   4.4100000e+02   7.4810000e+03
   1.0000000e+00   4.4200000e+02   7.4820000e+03
   1.0000000e+00   4.4300000e+02   7.4830000e+03
   1.0000000e+00   4.4100000e+02   7.4950000e+03
   1.0000000e+00   4.4200000e+02   7.4960000e+03
   1.0000000e+00   4.4300000e+02   7.4970000e+03
   3.0000000e+00   4.4200000e+02   7.5030000e+03
   3.0000000e+00   4.4300000e+02   7.5040000e+03
   3.0000000e+00   4.4400000e+02   7.5050000e+03
   1.0000000e+00   4.4400000e+02   7.5640000e+03
   1.0000000e+00   4.4500000e+02   7.5650000e+03
   1.0000000e+00   4.4600000e+02   7.5660000e+03
   1.0000000e+00   4.4700000e+02   7.5670000e+03
   1.0000000e+00   4.4800000e+02   7.5680000e+03
   1.0000000e+00   4.4600000e+02   7.5800000e+03
   1.0000000e+00   4.4700000e+02   7.5810000e+03
   1.0000000e+00   4.4800000e+02   7.5820000e+03
   3.0000000e+00   4.4700000e+02   7.5880000e+03
   3.0000000e+00   4.4800000e+02   7.5890000e+03
   3.0000000e+00   4.4900000e+02   7.5900000e+03
   1.0000000e+00   4.4900000e+02   7.6490000e+03
   1.0000000e+00   4.5000000e+02   7.6500000e+03
   1.0000000e+00   4.5100000e+02   7.6510000e+03
   1.0000000e+00   4.5200000e+02   7.6520000e+03
   1.0000000e+00   4.5300000e+02   7.6530000e+03
   1.0000000e+00   4.5100000e+02   7.6650000e+03
   1.0000000e+00   4.5200000e+02   7.6660000e+03
   1.0000000e+00   4.5300000e+02   7.6670000e+03
   3.0000000e+00   4.5200000e+02   7.6730000e+03
   3.0000000e+00   4.5300000e+02   7.6740000e+03
   3.0000000e+00   4.5400000e+02   7.6750000e+03
   1.0000000e+00   4.5400000e+02   7.7340000e+03
   1.0000000e+00   4.5500000e+02   7.7350000e+03
   1.0000000e+00   4.5600000e+02   7.7360000e+03
   1.0000000e+00   4.5700000e+02   7.7370000e+03
   1.0000000e+00   4.5800000e+02   7.7380000e+03
   1.0000000e+00   4.5600000e+02   7.7500000e+03
   1.0000000e+00   4.5700000e+02   7.7510000e+03
   1.0000000e+00   4.5800000e+02   7.7520000e+03
   3.0000000e+00   4.5700000e+02   7.7580000e+03
   3.0000000e+00   4.5800000e+02   7.7590000e+03
   3.0000000e+00   4.5900000e+02   7.7600000e+03
   1.0000000e+00   4.5900000e+02   7.8190000e+03
   1.0000000e+00   4.6000000e+02   7.8200000e+03
   1.0000000e+00   4.6100000e+02   7.8210000e+03
   1.0000000e+00   4.6200000e+02   7.8220000e+03
   1.0000000e+00   4.6300000e+02   7.8230000e+03
   1.0000000e+00   4.6100000e+02   7.8350000e+03
   1.0000000e+00   4.6200000e+02   7.8360000e+03
   1.0000000e+00   4.6300000e+02   7.8370000e+03
   3.0000000e+00   4.6200000e+02   7.8430000e+03
   3.0000000e+00   4.6300000e+02   7.8440000e+03
   3.0000000e+00   4.6400000e+02   7.8450000e+03
   1.0000000e+00   4.6400000e+02   7.9040000e+03
   1.0000000e+00   4.6500000e+02   7.9050000e+03
   1.0000000e+00   4.6600000e+02   7.9060000e+03
   1.0000000e+00   4.6700000e+02   7.9070000e+03
   1.0000000e+00   4.6800000e+02   7.9080000e+03
   1.0000000e+00   4.6600000e+02   7.9200000e+03
   1.0000000e+00   4.6700000e+02   7.9210000e+03
   1.0000000e+00   4.6800000e+02   7.9220000e+03
   3.0000000e+00   4.6700000e+02   7.9280000e+03
   3.0000000e+00   4.6800000e+02   7.9290000e+03
   3.0000000e+00   4.6900000e+02   7.9300000e+03
   1.0000000e+00   4.6900000e+02   7.9890000e+03
   1.0000000e+00   4.7000000e+02   7.9900000e+03
   1.0000000e+00   4.7100000e+02   7.9910000e+03
   1.0000000e+00   4.7200000e+02   7.9920000e+03
   1.0000000e+00   4.7300000e+02   7.9930000e+03
   1.0000000e+00   4.7100000e+02   8.0050000e+03
   1.0000000e+00   4.7200000e+02   8.0060000e+03
   1.0000000e+00   4.7300000e+02   8.0070000e+03
   3.0000000e+00   4.7200000e+02   8.0130000e+03
   3.0000000e+00   4.7300000e+02   8.0140000e+03
   3.0000000e+00   4.7400000e+02   8.0150000e+03
   1.0000000e+00   4.7400000e+02   8.0740000e+03
   1.0000000e+00   4.7500000e+02   8.0750000e+03
   1.0000000e+00   4.7600000e+02   8.0760000e+03
   1.0000000e+00   4.7700000e+02   8.0770000e+03
   1.0000000e+00   4.7800000e+02   8.0780000e+03
   1.0000000e+00   4.7600000e+02   8.0900000e+03
   1.0000000e+00   4.7700000e+02   8.0910000e+03
   1.0000000e+00   4.7800000e+02   8.0920000e+03
   3.0000000e+00   4.7700000e+02   8.0980000e+03
   3.0000000e+00   4.7800000e+02   8.0990000e+03
   3.0000000e+00   4.7900000e+02   8.1000000e+03
   1.0000000e+00   4.7900000e+02   8.1590000e+03
   1.0000000e+00   4.8000000e+02   8.1600000e+03
   1.0000000e+00   4.8100000e+02   8.1610000e+03
   1.0000000e+00   4.8200000e+02   8.1620000e+03
   1.0000000e+00   4.8300000e+02   8.1630000e+03
   1.0000000e+00   4.8100000e+02   8.1750000e+03
   1.0000000e+00   4.8200000e+02   8.1760000e+03
   1.0000000e+00   4.8300000e+02   8.1770000e+03
   3.0000000e+00   4.8200000e+02   8.1830000e+03
   3.0000000e+00   4.8300000e+02   8.1840000e+03
   3.0000000e+00   4.8400000e+02   8.1850000e+03
   1.0000000e+00   4.8400000e+02   8.2440000e+03
   1.0000000e+00   4.8500000e+02   8.2450000e+03
   1.0000000e+00   4.8600000e+02   8.2460000e+03
   1.0000000e+00   4.8700000e+02   8.2470000e+03
   1.0000000e+00   4.8800000e+02   8.2480000e+03
   1.0000000e+00   4.8600000e+02   8.2600000e+03
   1.0000000e+00   4.8700000e+02   8.2610000e+03
   1.0000000e+00   4.8800000e+02   8.2620000e+03
   3.0000000e+00   4.8700000e+02   8.2680000e+03
   3.0000000e+00   4.8800000e+02   8.2690000e+03
   3.0000000e+00   4.8900000e+02   8.2700000e+03
   1.0000000e+00   4.8900000e+02   8.3290000e+03
   1.0000000e+00   4.9000000e+02   8.3300000e+03
   1.0000000e+00   4.9100000e+02   8.3310000e+03
   1.0000000e+00   4.9200000e+02   8.3320000e+03
   1.0000000e+00   4.9300000e+02   8.3330000e+03
   1.0000000e+00   4.9100000e+02   8.3450000e+03
   1.0000000e+00   4.9200000e+02   8.3460000e+03
   1.0000000e+00   4.9300000e+02   8.3470000e+03
   3.0000000e+00   4.9200000e+02   8.3530000e+03
   3.0000000e+00   4.9300000e+02   8.3540000e+03
   3.0000000e+00   4.9400000e+02   8.3550000e+03
   1.0000000e+00   4.9400000e+02   8.4140000e+03
   1.0000000e+00   4.9500000e+02   8.4150000e+03
   1.0000000e+00   4.9600000e+02   8.4160000e+03
   1.0000000e+00   4.9700000e+02   8.4170000e+03
   1.0000000e+00   4.9800000e+02   8.4180000e+03
   1.0000000e+00   4.9600000e+02   8.4300000e+03
   1.0000000e+00   4.9700000e+02   8.4310000e+03
   1.0000000e+00   4.9800000e+02   8.4320000e+03
   3.0000000e+00   4.9700000e+02   8.4380000e+03
   3.0000000e+00   4.9800000e+02   8.4390000e+03
   3.0000000e+00   4.9900000e+02   8.4400000e+03
   1.0000000e+00   4.9900000e+02   8.4990000e+03
   1.0000000e+00   5.0000000e+02   8.5000000e+03
   1.0000000e+00   5.0100000e+02   8.5010000e+03
   1.0000000e+00   5.0200000e+02   8.5020000e+03
   1.0000000e+00   5.0300000e+02   8.5030000e+03
   1.0000000e+00   5.0100000e+02   8.5150000e+03
   1.0000000e+00   5.0200000e+02   8.5160000e+03
   1.0000000e+00   5.0300000e+02   8.5170000e+03
   3.0000000e+00   5.0200000e+02   8.5230000e+03
   3.0000000e+00   5.0300000e+02   8.5240000e+03
   3.0000000e+00   5.0400000e+02   8.5250000e+03
   1.0000000e+00   5.0400000e+02   8.5840000e+03
   1.0000000e+00   5.0500000e+02   8.5850000e+03
   1.0000000e+00   5.0600000e+02   8.5860000e+03
   1.0000000e+00   5.0700000e+02   8.5870000e+03
   1.0000000e+00   5.0800000e+02   8.5880000e+03
   1.0000000e+00   5.0600000e+02   8.6000000e+03
   1.0000000e+00   5.0700000e+02   8.6010000e+03
   1.0000000e+00   5.0800000e+02   8.6020000e+03
   3.0000000e+00   5.0700000e+02   8.6080000e+03
   3.0000000e+00   5.0800000e+02   8.6090000e+03
   3.0000000e+00   5.0900000e+02   8.6100000e+03
   1.0000000e+00   5.0900000e+02   8.6690000e+03
   1.0000000e+00   5.1000000e+02   8.6700000e+03
   1.0000000e+00   5.1100000e+02   8.6710000e+03
   1.0000000e+00   5.1200000e+02   8.6720000e+03
   1.0000000e+00   5.1300000e+02   8.6730000e+03
   1.0000000e+00   5.1100000e+02   8.6850000e+03
   1.0000000e+00   5.1200000e+02   8.6860000e+03
   1.0000000e+00   5.1300000e+02   8.6870000e+03
   3.0000000e+00   5.1200000e+02   8.6930000e+03
   3.0000000e+00   5.1300000e+02   8.6940000e+03
   3.0000000e+00   5.1400000e+02   8.6950000e+03
   1.0000000e+00   5.1400000e+02   8.7540000e+03
   1.0000000e+00   5.1500000e+02   8.7550000e+03
   1.0000000e+00   5.1600000e+02   8.7560000e+03
   1.0000000e+00   5.1700000e+02   8.7570000e+03
   1.0000000e+00   5.1800000e+02   8.7580000e+03
   1.0000000e+00   5.1600000e+02   8.7700000e+03
   1.0000000e+00   5.1700000e+02   8.7710000e+03
   1.0000000e+00   5.1800000e+02   8.7720000e+03
   3.0000000e+00   5.1700000e+02   8.7780000e+03
   3.0000000e+00   5.1800000e+02   8.7790000e+03
   3.0000000e+00   5.1900000e+02   8.7800000e+03
   1.0000000e+00   5.1900000e+02   8.8390000e+03
   1.0000000e+00   5.2000000e+02   8.8400000e+03
   1.0000000e+00   5.2100000e+02   8.8410000e+03
   1.0000000e+00   5.2200000e+02   8.8420000e+03
   1.0000000e+00   5.2300000e+02   8.8430000e+03
   1.0000000e+00   5.2100000e+02   8.8550000e+03
   1.0000000e+00   5.2200000e+02   8.8560000e+03
   1.0000000e+00   5.2300000e+02   8.8570000e+03
   3.0000000e+00   5.2200000e+02   8.8630000e+03
   3.0000000e+00   5.2300000e+02   8.8640000e+03
   3.0000000e+00   5.2400000e+02   8.8650000e+03
   1.0000000e+00   5.2400000e+02   8.9240000e+03
   1.0000000e+00   5.2500000e+02   8.9250000e+03
   1.0000000e+00   5.2600000e+02   8.9260000e+03
   1.0000000e+00   5.2700000e+02   8.9270000e+03
   1.0000000e+00   5.2800000e+02   8.9280000e+03
   1.0000000e+00   5.2600000e+02   8.9400000e+03
   1.0000000e+00   5.2700000e+02   8.9410000e+03
   1.0000000e+00   5.2800000e+02   8.9420000e+03
   3.0000000e+00   5.2700000e+02   8.9480000e+03
   3.0000000e+00   5.2800000e+02   8.9490000e+03
   3.0000000e+00   5.2900000e+02   8.9500000e+03
   1.0000000e+00   5.2900000e+02   9.0090000e+03
   1.0000000e+00   5.3000000e+02   9.0100000e+03
   1.0000000e+00   5.3100000e+02   9.0110000e+03
   1.0000000e+00   5.3200000e+02   9.0120000e+03
   1.0000000e+00   5.3300000e+02   9.0130000e+03
   1.0000000e+00   5.3100000e+02   9.0250000e+03
   1.0000000e+00   5.3200000e+02   9.0260000e+03
   1.0000000e+00   5.3300000e+02   9.0270000e+03
   3.0000000e+00   5.3200000e+02   9.0330000e+03
   3.0000000e+00   5.3300000e+02   9.0340000e+03
   3.0000000e+00   5.3400000e+02   9.0350000e+03
   1.0000000e+00   5.3400000e+02   9.0940000e+03
   1.0000000e+00   5.3500000e+02   9.0950000e+03
   1.0000000e+00   5.3600000e+02   9.0960000e+03
   1.0000000e+00   5.3700000e+02   9.0970000e+03
   1.0000000e+00   5.3800000e+02   9.0980000e+03
   1.0000000e+00   5.3600000e+02   9.1100000e+03
   1.0000000e+00   5.3700000e+02   9.1110000e+03
   1.0000000e+00   5.3800000e+02   9.1120000e+03
   3.0000000e+00   5.3700000e+02   9.1180000e+03
   3.0000000e+00   5.3800000e+02   9.1190000e+03
   3.0000000e+00   5.3900000e+02   9.1200000e+03
   1.0000000e+00   5.3900000e+02   9.1790000e+03
   1.0000000e+00   5.4000000e+02   9.1800000e+03
   1.0000000e+00   5.4100000e+02   9.1810000e+03
   1.0000000e+00   5.4200000e+02   9.1820000e+03
   1.0000000e+00   5.4300000e+02   9.1830000e+03
   1.0000000e+00   5.4100000e+02   9.1950000e+03
   1.0000000e+00   5.4200000e+02   9.1960000e+03
   1.0000000e+00   5.4300000e+02   9.1970000e+03
   3.0000000e+00   5.4200000e+02   9.2030000e+03
   3.0000000e+00   5.4300000e+02   9.2040000e+03
   3.0000000e+00   5.4400000e+02   9.2050000e+03
   1.0000000e+00   5.4400000e+02   9.2640000e+03
   1.0000000e+00   5.4500000e+02   9.2650000e+03
   1.0000000e+00   5.4600000e+02   9.2660000e+03
   1.0000000e+00   5.4700000e+02   9.2670000e+03
   1.0000000e+00   5.4800000e+02   9.2680000e+03
   1.0000000e+00   5.4600000e+02   9.2800000e+03
   1.0000000e+00   5.4700000e+02   9.2810000e+03
   1.0000000e+00   5.4800000e+02   9.2820000e+03
   3.0000000e+00   5.4700000e+02   9.2880000e+03
   3.0000000e+00   5.4800000e+02   9.2890000e+03
   3.0000000e+00   5.4900000e+02   9.2900000e+03
   1.0000000e+00   5.4900000e+02   9.3490000e+03
   1.0000000e+00   5.5000000e+02   9.3500000e+03
   1.0000000e+00   5.5100000e+02   9.3510000e+03
   1.0000000e+00   5.5200000e+02   9.3520000e+03
   1.0000000e+00   5.5300000e+02   9.3530000e+03
   1.0000000e+00   5.5100000e+02   9.3650000e+03
   1.0000000e+00   5.5200000e+02   9.3660000e+03
   1.0000000e+00   5.5300000e+02   9.3670000e+03
   3.0000000e+00   5.5200000e+02   9.3730000e+03
   3.0000000e+00   5.5300000e+02   9.3740000e+03
   3.0000000e+00   5.5400000e+02   9.3750000e+03
   1.0000000e+00   5.5400000e+02   9.4340000e+03
   1.0000000e+00   5.5500000e+02   9.4350000e+03
   1.0000000e+00   5.5600000e+02   9.4360000e+03
   1.0000000e+00   5.5700000e+02   9.4370000e+03
   1.0000000e+00   5.5800000e+02   9.4380000e+03
   1.0000000e+00   5.5600000e+02   9.4500000e+03
   1.0000000e+00   5.5700000e+02   9.4510000e+03
   1.0000000e+00   5.5800000e+02   9.4520000e+03
   3.0000000e+00   5.5700000e+02   9.4580000e+03
   3.0000000e+00   5.5800000e+02   9.4590000e+03
   3.0000000e+00   5.5900000e+02   9.4600000e+03
   1.0000000e+00   5.5900000e+02   9.5190000e+03
   1.0000000e+00   5.6000000e+02   9.5200000e+03
   1.0000000e+00   5.6100000e+02   9.5210000e+03
   1.0000000e+00   5.6200000e+02   9.5220000e+03
   1.0000000e+00   5.6300000e+02   9.5230000e+03
   1.0000000e+00   5.6100000e+02   9.5350000e+03
   1.0000000e+00   5.6200000e+02   9.5360000e+03
   1.0000000e+00   5.6300000e+02   9.5370000e+03
   3.0000000e+00   5.6200000e+02   9.5430000e+03
   3.0000000e+00   5.6300000e+02   9.5440000e+03
   3.0000000e+00   5.6400000e+02   9.5450000e+03
   1.0000000e+00   5.6400000e+02   9.6040000e+03
   1.0000000e+00   5.6500000e+02   9.6050000e+03
   1.0000000e+00   5.6600000e+02   9.6060000e+03
   1.0000000e+00   5.6700000e+02   9.6070000e+03
   1.0000000e+00   5.6800000e+02   9.6080000e+03
   1.0000000e+00   5.6600000e+02   9.6200000e+03
   1.0000000e+00   5.6700000e+02   9.6210000e+03
   1.0000000e+00   5.6800000e+02   9.6220000e+03
   3.0000000e+00   5.6700000e+02   9.6280000e+03
   3.0000000e+00   5.6800000e+02   9.6290000e+03
   3.0000000e+00   5.6900000e+02   9.6300000e+03
   1.0000000e+00   5.6900000e+02   9.6890000e+03
   1.0000000e+00   5.7000000e+02   9.6900000e+03
   1.0000000e+00   5.7100000e+02   9.6910000e+03
   1.0000000e+00   5.7200000e+02   9.6920000e+03
   1.0000000e+00   5.7300000e+02   9.6930000e+03
   1.0000000e+00   5.7100000e+02   9.7050000e+03
   1.0000000e+00   5.7200000e+02   9.7060000e+03
   1.0000000e+00   5.7300000e+02   9.7070000e+03
   3.0000000e+00   5.7200000e+02   9.7130000e+03
   3.0000000e+00   5.7300000e+02   9.7140000e+03
   3.0000000e+00   5.7400000e+02   9.7150000e+03
   1.0000000e+00   5.7400000e+02   9.7740000e+03
   1.0000000e+00   5.7500000e+02   9.7750000e+03
   1.0000000e+00   5.7600000e+02   9.7760000e+03
   1.0000000e+00   5.7700000e+02   9.7770000e+03
   1.0000000e+00   5.7800000e+02   9.7780000e+03
   1.0000000e+00   5.7600000e+02   9.7900000e+03
   1.0000000e+00   5.7700000e+02   9.7910000e+03
   1.0000000e+00   5.7800000e+02   9.7920000e+03
   3.0000000e+00   5.7700000e+02   9.7980000e+03
   3.0000000e+00   5.7800000e+02   9.7990000e+03
   3.0000000e+00   5.7900000e+02   9.8000000e+03
   1.0000000e+00   5.7900000e+02   9.8590000e+03
   1.0000000e+00   5.8000000e+02   9.8600000e+03
   1.0000000e+00   5.8100000e+02   9.8610000e+03
   1.0000000e+00   5.8200000e+02   9.8620000e+03
   1.0000000e+00   5.8300000e+02   9.8630000e+03
   1.0000000e+00   5.8100000e+02   9.8750000e+03
   1.0000000e+00   5.8200000e+02   9.8760000e+03
   1.0000000e+00   5.8300000e+02   9.8770000e+03
   3.0000000e+00   5.8200000e+02   9.8830000e+03
   3.0000000e+00   5.8300000e+02   9.8840000e+03
   3.0000000e+00   5.8400000e+02   9.8850000e+03
   1.0000000e+00   5.8400000e+02   9.9440000e+03
   1.0000000e+00   5.8500000e+02   9.9450000e+03
   1.0000000e+00   5.8600000e+02   9.9460000e+03
   1.0000000e+00   5.8700000e+02   9.9470000e+03
   1.0000000e+00   5.8800000e+02   9.9480000e+03
   1.0000000e+00   5.8600000e+02   9.9600000e+03
   1.0000000e+00   5.8700000e+02   9.9610000e+03
   1.0000000e+00   5.8800000e+02   9.9620000e+03
   3.0000000e+00   5.8700000e+02   9.9680000e+03
   3.0000000e+00   5.8800000e+02   9.9690000e+03
   3.0000000e+00   5.8900000e+02   9.9700000e+03
   1.0000000e+00   5.8900000e+02   1.0029000e+04
   1.0000000e+00   5.9000000e+02   1.0030000e+04
   1.0000000e+00   5.9100000e+02   1.0031000e+04
   1.0000000e+00   5.9200000e+02   1.0032000e+04
   1.0000000e+00   5.9300000e+02   1.0033000e+04
   1.0000000e+00   5.9100000e+02   1.0045000e+04
   1.0000000e+00   5.9200000e+02   1.0046000e+04
   1.0000000e+00   5.9300000e+02   1.0047000e+04
   3.0000000e+00   5.9200000e+02   1.0053000e+04
   3.0000000e+00   5.9300000e+02   1.0054000e+04
   3.0000000e+00   5.9400000e+02   1.0055000e+04
   1.0000000e+00   5.9400000e+02   1.0114000e+04
   1.0000000e+00   5.9500000e+02   1.0115000e+04
   1.0000000e+00   5.9600000e+02   1.0116000e+04
   1.0000000e+00   5.9700000e+02   1.0117000e+04
   1.0000000e+00   5.9800000e+02   1.0118000e+04
   1.0000000e+00   5.9600000e+02   1.0130000e+04
   1.0000000e+00   5.9700000e+02   1.0131000e+04
   1.0000000e+00   5.9800000e+02   1.0132000e+04
   3.0000000e+00   5.9700000e+02   1.0138000e+04
   3.0000000e+00   5.9800000e+02   1.0139000e+04
   3.0000000e+00   5.9900000e+02   1.0140000e+04
   1.0000000e+00   5.9900000e+02   1.0199000e+04
   1.0000000e+00   6.0000000e+02   1.0200000e+04
   1.0000000e+00   6.0100000e+02   1.0201000e+04
   1.0000000e+00   6.0200000e+02   1.0202000e+04
   1.0000000e+00   6.0300000e+02   1.0203000e+04
   1.0000000e+00   6.0100000e+02   1.0215000e+04
   1.0000000e+00   6.0200000e+02   1.0216000e+04
   1.0000000e+00   6.0300000e+02   1.0217000e+04
   3.0000000e+00   6.0200000e+02   1.0223000e+04
   3.0000000e+00   6.0300000e+02   1.0224000e+04
   3.0000000e+00   6.0400000e+02   1.0225000e+04
   1.0000000e+00   6.0400000e+02   1.0284000e+04
   1.0000000e+00   6.0500000e+02   1.0285000e+04
   1.0000000e+00   6.0600000e+02   1.0286000e+04
   1.0000000e+00   6.0700000e+02   1.0287000e+04
   1.0000000e+00   6.0800000e+02   1.0288000e+04
   1.0000000e+00   6.0600000e+02   1.0300000e+04
   1.0000000e+00   6.0700000e+02   1.0301000e+04
   1.0000000e+00   6.0800000e+02   1.0302000e+04
   3.0000000e+00   6.0700000e+02   1.0308000e+04
   3.0000000e+00   6.0800000e+02   1.0309000e+04
   3.0000000e+00   6.0900000e+02   1.0310000e+04
   1.0000000e+00   6.0900000e+02   1.0369000e+04
   1.0000000e+00   6.1000000e+02   1.0370000e+04
   1.0000000e+00   6.1100000e+02   1.0371000e+04
   1.0000000e+00   6.1200000e+02   1.0372000e+04
   1.0000000e+00   6.1300000e+02   1.0373000e+04
   1.0000000e+00   6.1100000e+02   1.0385000e+04
   1.0000000e+00   6.1200000e+02   1.0386000e+04
   1.0000000e+00   6.1300000e+02   1.0387000e+04
   3.0000000e+00   6.1200000e+02   1.0393000e+04
   3.0000000e+00   6.1300000e+02   1.0394000e+04
   3.0000000e+00   6.1400000e+02   1.0395000e+04
   1.0000000e+00   6.1400000e+02   1.0454000e+04
   1.0000000e+00   6.1500000e+02   1.0455000e+04
   1.0000000e+00   6.1600000e+02   1.0456000e+04
   1.0000000e+00   6.1700000e+02   1.0457000e+04
   1.0000000e+00   6.1800000e+02   1.0458000e+04
   1.0000000e+00   6.1600000e+02   1.0470000e+04
   1.0000000e+00   6.1700000e+02   1.0471000e+04
   1.0000000e+00   6.1800000e+02   1.0472000e+04
   3.0000000e+00   6.1700000e+02   1.0478000e+04
   3.0000000e+00   6.1800000e+02   1.0479000e+04
   3.0000000e+00   6.1900000e+02   1.0480000e+04
   1.0000000e+00   6.1900000e+02   1.0539000e+04
   1.0000000e+00   6.2000000e+02   1.0540000e+04
   1.0000000e+00   6.2100000e+02   1.0541000e+04
   1.0000000e+00   6.2200000e+02   1.0542000e+04
   1.0000000e+00   6.2300000e+02   1.0543000e+04
   1.0000000e+00   6.2100000e+02   1.0555000e+04
   1.0000000e+00   6.2200000e+02   1.0556000e+04
   1.0000000e+00   6.2300000e+02   1.0557000e+04
   3.0000000e+00   6.2200000e+02   1.0563000e+04
   3.0000000e+00   6.2300000e+02   1.0564000e+04
   3.0000000e+00   6.2400000e+02   1.0565000e+04
   1.0000000e+00   6.2400000e+02   1.0624000e+04
   1.0000000e+00   6.2500000e+02   1.0625000e+04
   1.0000000e+00   6.2600000e+02   1.0626000e+04
   1.0000000e+00   6.2700000e+02   1.0627000e+04
   1.0000000e+00   6.2800000e+02   1.0628000e+04
   1.0000000e+00   6.2600000e+02   1.0640000e+04
   1.0000000e+00   6.2700000e+02   1.0641000e+04
   1.0000000e+00   6.2800000e+02   1.0642000e+04
   3.0000000e+00   6.2700000e+02   1.0648000e+04
   3.0000000e+00   6.2800000e+02   1.0649000e+04
   3.0000000e+00   6.2900000e+02   1.0650000e+04
   1.0000000e+00   6.2900000e+02   1.0709000e+04
   1.0000000e+00   6.3000000e+02   1.0710000e+04
   1.0000000e+00   6.3100000e+02   1.0711000e+04
   1.0000000e+00   6.3200000e+02   1.0712000e+04
   1.0000000e+00   6.3300000e+02   1.0713000e+04
   1.0000000e+00   6.3100000e+02   1.0725000e+04
   1.0000000e+00   6.3200000e+02   1.0726000e+04
   1.0000000e+00   6.3300000e+02   1.0727000e+04
   3.0000000e+00   6.3200000e+02   1.0733000e+04
   3.0000000e+00   6.3300000e+02   1.0734000e+04
   3.0000000e+00   6.3400000e+02   1.0735000e+04
   1.0000000e+00   6.3400000e+02   1.0794000e+04
   1.0000000e+00   6.3500000e+02   1.0795000e+04
   1.0000000e+00   6.3600000e+02   1.0796000e+04
   1.0000000e+00   6.3700000e+02   1.0797000e+04
   1.0000000e+00   6.3800000e+02   1.0798000e+04
   1.0000000e+00   6.3600000e+02   1.0810000e+04
   1.0000000e+00   6.3700000e+02   1.0811000e+04
   1.0000000e+00   6.3800000e+02   1.0812000e+04
   3.0000000e+00   6.3700000e+02   1.0818000e+04
   3.0000000e+00   6.3800000e+02   1.0819000e+04
   3.0000000e+00   6.3900000e+02   1.0820000e+04
   1.0000000e+00   6.3900000e+02   1.0879000e+04
   1.0000000e+00   6.4000000e+02   1.0880000e+04
   1.0000000e+00   6.4100000e+02   1.0881000e+04
   1.0000000e+00   6.4200000e+02   1.0882000e+04
   1.0000000e+00   6.4300000e+02   1.0883000e+04
   1.0000000e+00   6.4100000e+02   1.0895000e+04
   1.0000000e+00   6.4200000e+02   1.0896000e+04
   1.0000000e+00   6.4300000e+02   1.0897000e+04
   3.0000000e+00   6.4200000e+02   1.0903000e+04
   3.0000000e+00   6.4300000e+02   1.0904000e+04
   3.0000000e+00   6.4400000e+02   1.0905000e+04
   1.0000000e+00   6.4400000e+02   1.0964000e+04
   1.0000000e+00   6.4500000e+02   1.0965000e+04
   1.0000000e+00   6.4600000e+02   1.0966000e+04
   1.0000000e+00   6.4700000e+02   1.0967000e+04
   1.0000000e+00   6.4800000e+02   1.0968000e+04
   1.0000000e+00   6.4600000e+02   1.0980000e+04
   1.0000000e+00   6.4700000e+02   1.0981000e+04
   1.0000000e+00   6.4800000e+02   1.0982000e+04
   3.0000000e+00   6.4700000e+02   1.0988000e+04
   3.0000000e+00   6.4800000e+02   1.0989000e+04
   3.0000000e+00   6.4900000e+02   1.0990000e+04
   1.0000000e+00   6.4900000e+02   1.1049000e+04
   1.0000000e+00   6.5000000e+02   1.1050000e+04
   1.0000000e+00   6.5100000e+02   1.1051000e+04
   1.0000000e+00   6.5200000e+02   1.1052000e+04
   1.0000000e+00   6.5300000e+02   1.1053000e+04
   1.0000000e+00   6.5100000e+02   1.1065000e+04
   1.0000000e+00   6.5200000e+02   1.1066000e+04
   1.0000000e+00   6.5300000e+02   1.1067000e+04
   3.0000000e+00   6.5200000e+02   1.1073000e+04
   3.0000000e+00   6.5300000e+02   1.1074000e+04
   3.0000000e+00   6.5400000e+02   1.1075000e+04
   1.0000000e+00   6.5400000e+02   1.1134000e+04
   1.0000000e+00   6.5500000e+02   1.1135000e+04
   1.0000000e+00   6.5600000e+02   1.1136000e+04
   1.0000000e+00   6.5700000e+02   1.1137000e+04
   1.0000000e+00   6.5800000e+02   1.1138000e+04
   1.0000000e+00   6.5600000e+02   1.1150000e+04
   1.0000000e+00   6.5700000e+02   1.1151000e+04
   1.0000000e+00   6.5800000e+02   1.1152000e+04
   3.0000000e+00   6.5700000e+02   1.1158000e+04
   3.0000000e+00   6.5800000e+02   1.1159000e+04
   3.0000000e+00   6.5900000e+02   1.1160000e+04
   1.0000000e+00   6.5900000e+02   1.1219000e+04
   1.0000000e+00   6.6000000e+02   1.1220000e+04
   1.0000000e+00   6.6100000e+02   1.1221000e+04
   1.0000000e+00   6.6200000e+02   1.1222000e+04
   1.0000000e+00   6.6300000e+02   1.1223000e+04
   1.0000000e+00   6.6100000e+02   1.1235000e+04
   1.0000000e+00   6.6200000e+02   1.1236000e+04
   1.0000000e+00   6.6300000e+02   1.1237000e+04
   3.0000000e+00   6.6200000e+02   1.1243000e+04
   3.0000000e+00   6.6300000e+02   1.1244000e+04
   3.0000000e+00   6.6400000e+02   1.1245000e+04
   1.0000000e+00   6.6400000e+02   1.1304000e+04
   1.0000000e+00   6.6500000e+02   1.1305000e+04
   1.0000000e+00   6.6600000e+02   1.1306000e+04
   1.0000000e+00   6.6700000e+02   1.1307000e+04
   1.0000000e+00   6.6800000e+02   1.1308000e+04
   1.0000000e+00   6.6600000e+02   1.1320000e+04
   1.0000000e+00   6.6700000e+02   1.1321000e+04
   1.0000000e+00   6.6800000e+02   1.1322000e+04
   3.0000000e+00   6.6700000e+02   1.1328000e+04
   3.0000000e+00   6.6800000e+02   1.1329000e+04
   3.0000000e+00   6.6900000e+02   1.1330000e+04
   1.0000000e+00   6.6900000e+02   1.1389000e+04
   1.0000000e+00   6.7000000e+02   1.1390000e+04
   1.0000000e+00   6.7100000e+02   1.1391000e+04
   1.0000000e+00   6.7200000e+02   1.1392000e+04
   1.0000000e+00   6.7300000e+02   1.1393000e+04
   1.0000000e+00   6.7100000e+02   1.1405000e+04
   1.0000000e+00   6.7200000e+02   1.1406000e+04
   1.0000000e+00   6.7300000e+02   1.1407000e+04
   3.0000000e+00   6.7200000e+02   1.1413000e+04
   3.0000000e+00   6.7300000e+02   1.1414000e+04
   3.0000000e+00   6.7400000e+02   1.1415000e+04
   1.0000000e+00   6.7400000e+02   1.1474000e+04
   1.0000000e+00   6.7500000e+02   1.1475000e+04
   1.0000000e+00   6.7600000e+02   1.1476000e+04
   1.0000000e+00   6.7700000e+02   1.1477000e+04
   1.0000000e+00   6.7800000e+02   1.1478000e+04
   1.0000000e+00   6.7600000e+02   1.1490000e+04
   1.0000000e+00   6.7700000e+02   1.1491000e+04
   1.0000000e+00   6.7800000e+02   1.1492000e+04
   3.0000000e+00   6.7700000e+02   1.1498000e+04
   3.0000000e+00   6.7800000e+02   1.1499000e+04
   3.0000000e+00   6.7900000e+02   1.1500000e+04
   1.0000000e+00   6.7900000e+02   1.1559000e+04
   1.0000000e+00   6.8000000e+02   1.1560000e+04
   1.0000000e+00   6.8100000e+02   1.1561000e+04
   1.0000000e+00   6.8200000e+02   1.1562000e+04
   1.0000000e+00   6.8300000e+02   1.1563000e+04
   1.0000000e+00   6.8100000e+02   1.1575000e+04
   1.0000000e+00   6.8200000e+02   1.1576000e+04
   1.0000000e+00   6.8300000e+02   1.1577000e+04
   3.0000000e+00   6.8200000e+02   1.1583000e+04
   3.0000000e+00   6.8300000e+02   1.1584000e+04
   3.0000000e+00   6.8400000e+02   1.1585000e+04
   1.0000000e+00   6.8400000e+02   1.1644000e+04
   1.0000000e+00   6.8500000e+02   1.1645000e+04
   1.0000000e+00   6.8600000e+02   1.1646000e+04
   1.0000000e+00   6.8700000e+02   1.1647000e+04
   1.0000000e+00   6.8800000e+02   1.1648000e+04
   1.0000000e+00   6.8600000e+02   1.1660000e+04
   1.0000000e+00   6.8700000e+02   1.1661000e+04
   1.0000000e+00   6.8800000e+02   1.1662000e+04
   3.0000000e+00   6.8700000e+02   1.1668000e+04
   3.0000000e+00   6.8800000e+02   1.1669000e+04
   3.0000000e+00   6.8900000e+02   1.1670000e+04
   1.0000000e+00   6.8900000e+02   1.1729000e+04
   1.0000000e+00   6.9000000e+02   1.1730000e+04
   1.0000000e+00   6.9100000e+02   1.1731000e+04
   1.0000000e+00   6.9200000e+02   1.1732000e+04
   1.0000000e+00   6.9300000e+02   1.1733000e+04
   1.0000000e+00   6.9100000e+02   1.1745000e+04
   1.0000000e+00   6.9200000e+02   1.1746000e+04
   1.0000000e+00   6.9300000e+02   1.1747000e+04
   3.0000000e+00   6.9200000e+02   1.1753000e+04
   3.0000000e+00   6.9300000e+02   1.1754000e+04
   3.0000000e+00   6.9400000e+02   1.1755000e+04
   1.0000000e+00   6.9400000e+02   1.1814000e+04
   1.0000000e+00   6.9500000e+02   1.1815000e+04
   1.0000000e+00   6.9600000e+02   1.1816000e+04
   1.0000000e+00   6.9700000e+02   1.1817000e+04
   1.0000000e+00   6.9800000e+02   1.1818000e+04
   1.0000000e+00   6.9600000e+02   1.1830000e+04
   1.0000000e+00   6.9700000e+02   1.1831000e+04
   1.0000000e+00   6.9800000e+02   1.1832000e+04
   3.0000000e+00   6.9700000e+02   1.1838000e+04
   3.0000000e+00   6.9800000e+02   1.1839000e+04
   3.0000000e+00   6.9900000e+02   1.1840000e+04
   1.0000000e+00   6.9900000e+02   1.1899000e+04
   1.0000000e+00   7.0000000e+02   1.1900000e+04
   1.0000000e+00   7.0100000e+02   1.1901000e+04
   1.0000000e+00   7.0200000e+02   1.1902000e+04
   1.0000000e+00   7.0300000e+02   1.1903000e+04
   1.0000000e+00   7.0100000e+02   1.1915000e+04
   1.0000000e+00   7.0200000e+02   1.1916000e+04
   1.0000000e+00   7.0300000e+02   1.1917000e+04
   3.0000000e+00   7.0200000e+02   1.1923000e+04
   3.0000000e+00   7.0300000e+02   1.1924000e+04
   3.0000000e+00   7.0400000e+02   1.1925000e+04
   1.0000000e+00   7.0400000e+02   1.1984000e+04
   1.0000000e+00   7.0500000e+02   1.1985000e+04
   1.0000000e+00   7.0600000e+02   1.1986000e+04
   1.0000000e+00   7.0700000e+02   1.1987000e+04
   1.0000000e+00   7.0800000e+02   1.1988000e+04
   1.0000000e+00   7.0600000e+02   1.2000000e+04
   1.0000000e+00   7.0700000e+02   1.2001000e+04
   1.0000000e+00   7.0800000e+02   1.2002000e+04
   3.0000000e+00   7.0700000e+02   1.2008000e+04
   3.0000000e+00   7.0800000e+02   1.2009000e+04
   3.0000000e+00   7.0900000e+02   1.2010000e+04
   1.0000000e+00   7.0900000e+02   1.2069000e+04
   1.0000000e+00   7.1000000e+02   1.2070000e+04
   1.0000000e+00   7.1100000e+02   1.2071000e+04
   1.0000000e+00   7.1200000e+02   1.2072000e+04
   1.0000000e+00   7.1300000e+02   1.2073000e+04
   1.0000000e+00   7.1100000e+02   1.2085000e+04
   1.0000000e+00   7.1200000e+02   1.2086000e+04
   1.0000000e+00   7.1300000e+02   1.2087000e+04
   3.0000000e+00   7.1200000e+02   1.2093000e+04
   3.0000000e+00   7.1300000e+02   1.2094000e+04
   3.0000000e+00   7.1400000e+02   1.2095000e+04
   1.0000000e+00   7.1400000e+02   1.2154000e+04
   1.0000000e+00   7.1500000e+02   1.2155000e+04
   1.0000000e+00   7.1600000e+02   1.2156000e+04
   1.0000000e+00   7.1700000e+02   1.2157000e+04
   1.0000000e+00   7.1800000e+02   1.2158000e+04
   1.0000000e+00   7.1600000e+02   1.2170000e+04
   1.0000000e+00   7.1700000e+02   1.2171000e+04
   1.0000000e+00   7.1800000e+02   1.2172000e+04
   3.0000000e+00   7.1700000e+02   1.2178000e+04
   3.0000000e+00   7.1800000e+02   1.2179000e+04
   3.0000000e+00   7.1900000e+02   1.2180000e+04
   1.0000000e+00   7.1900000e+02   1.2239000e+04
   1.0000000e+00   7.2000000e+02   1.2240000e+04
   1.0000000e+00   7.2100000e+02   1.2241000e+04
   1.0000000e+00   7.2200000e+02   1.2242000e+04
   1.0000000e+00   7.2300000e+02   1.2243000e+04
   1.0000000e+00   7.2100000e+02   1.2255000e+04
   1.0000000e+00   7.2200000e+02   1.2256000e+04
   1.0000000e+00   7.2300000e+02   1.2257000e+04
   3.0000000e+00   7.2200000e+02   1.2263000e+04
   3.0000000e+00   7.2300000e+02   1.2264000e+04
   3.0000000e+00   7.2400000e+02   1.2265000e+04
   1.0000000e+00   7.2400000e+02   1.2324000e+04
   1.0000000e+00   7.2500000e+02   1.2325000e+04
   1.0000000e+00   7.2600000e+02   1.2326000e+04
   1.0000000e+00   7.2700000e+02   1.2327000e+04
   1.0000000e+00   7.2800000e+02   1.2328000e+04
   1.0000000e+00   7.2600000e+02   1.2340000e+04
   1.0000000e+00   7.2700000e+02   1.2341000e+04
   1.0000000e+00   7.2800000e+02   1.2342000e+04
   3.0000000e+00   7.2700000e+02   1.2348000e+04
   3.0000000e+00   7.2800000e+02   1.2349000e+04
   3.0000000e+00   7.2900000e+02   1.2350000e+04
   1.0000000e+00   7.2900000e+02   1.2409000e+04
   1.0000000e+00   7.3000000e+02   1.2410000e+04
   1.0000000e+00   7.3100000e+02   1.2411000e+04
   1.0000000e+00   7.3200000e+02   1.2412000e+04
   1.0000000e+00   7.3300000e+02   1.2413000e+04
   1.0000000e+00   7.3100000e+02   1.2425000e+04
   1.0000000e+00   7.3200000e+02   1.2426000e+04
   1.0000000e+00   7.3300000e+02   1.2427000e+04
   3.0000000e+00   7.3200000e+02   1.2433000e+04
   3.0000000e+00   7.3300000e+02   1.2434000e+04
   3.0000000e+00   7.3400000e+02   1.2435000e+04
   1.0000000e+00   7.3400000e+02   1.2494000e+04
   1.0000000e+00   7.3500000e+02   1.2495000e+04
   1.0000000e+00   7.3600000e+02   1.2496000e+04
   1.0000000e+00   7.3700000e+02   1.2497000e+04
   1.0000000e+00   7.3800000e+02   1.2498000e+04
   1.0000000e+00   7.3600000e+02   1.2510000e+04
   1.0000000e+00   7.3700000e+02   1.2511000e+04
   1.0000000e+00   7.3800000e+02   1.2512000e+04
   3.0000000e+00   7.3700000e+02   1.2518000e+04
   3.0000000e+00   7.3800000e+02   1.2519000e+04
   3.0000000e+00   7.3900000e+02   1.2520000e+04
   1.0000000e+00   7.3900000e+02   1.2579000e+04
   1.0000000e+00   7.4000000e+02   1.2580000e+04
   1.0000000e+00   7.4100000e+02   1.2581000e+04
   1.0000000e+00   7.4200000e+02   1.2582000e+04
   1.0000000e+00   7.4300000e+02   1.2583000e+04
   1.0000000e+00   7.4100000e+02   1.2595000e+04
   1.0000000e+00   7.4200000e+02   1.2596000e+04
   1.0000000e+00   7.4300000e+02   1.2597000e+04
   3.0000000e+00   7.4200000e+02   1.2603000e+04
   3.0000000e+00   7.4300000e+02   1.2604000e+04
   3.0000000e+00   7.4400000e+02   1.2605000e+04
   1.0000000e+00   7.4400000e+02   1.2664000e+04
   1.0000000e+00   7.4500000e+02   1.2665000e+04
   1.0000000e+00   7.4600000e+02   1.2666000e+04
   1.0000000e+00   7.4700000e+02   1.2667000e+04
   1.0000000e+00   7.4800000e+02   1.2668000e+04
   1.0000000e+00   7.4600000e+02   1.2680000e+04
   1.0000000e+00   7.4700000e+02   1.2681000e+04
   1.0000000e+00   7.4800000e+02   1.2682000e+04
   3.0000000e+00   7.4700000e+02   1.2688000e+04
   3.0000000e+00   7.4800000e+02   1.2689000e+04
   3.0000000e+00   7.4900000e+02   1.2690000e+04
   1.0000000e+00   7.4900000e+02   1.2749000e+04
   1.0000000e+00   7.5000000e+02   1.2750000e+04
   1.0000000e+00   7.5100000e+02   1.2751000e+04
   1.0000000e+00   7.5200000e+02   1.2752000e+04
   1.0000000e+00   7.5300000e+02   1.2753000e+04
   1.0000000e+00   7.5100000e+02   1.2765000e+04
   1.0000000e+00   7.5200000e+02   1.2766000e+04
   1.0000000e+00   7.5300000e+02   1.2767000e+04
   3.0000000e+00   7.5200000e+02   1.2773000e+04
   3.0000000e+00   7.5300000e+02   1.2774000e+04
   3.0000000e+00   7.5400000e+02   1.2775000e+04
   1.0000000e+00   7.5400000e+02   1.2834000e+04
   1.0000000e+00   7.5500000e+02   1.2835000e+04
   1.0000000e+00   7.5600000e+02   1.2836000e+04
   1.0000000e+00   7.5700000e+02   1.2837000e+04
   1.0000000e+00   7.5800000e+02   1.2838000e+04
   1.0000000e+00   7.5600000e+02   1.2850000e+04
   1.0000000e+00   7.5700000e+02   1.2851000e+04
   1.0000000e+00   7.5800000e+02   1.2852000e+04
   3.0000000e+00   7.5700000e+02   1.2858000e+04
   3.0000000e+00   7.5800000e+02   1.2859000e+04
   3.0000000e+00   7.5900000e+02   1.2860000e+04
   1.0000000e+00   7.5900000e+02   1.2919000e+04
   1.0000000e+00   7.6000000e+02   1.2920000e+04
   1.0000000e+00   7.6100000e+02   1.2921000e+04
   1.0000000e+00   7.6200000e+02   1.2922000e+04
   1.0000000e+00   7.6300000e+02   1.2923000e+04
   1.0000000e+00   7.6100000e+02   1.2935000e+04
   1.0000000e+00   7.6200000e+02   1.2936000e+04
   1.0000000e+00   7.6300000e+02   1.2937000e+04
   3.0000000e+00   7.6200000e+02   1.2943000e+04
   3.0000000e+00   7.6300000e+02   1.2944000e+04
   3.0000000e+00   7.6400000e+02   1.2945000e+04
   1.0000000e+00   7.6400000e+02   1.3004000e+04
   1.0000000e+00   7.6500000e+02   1.3005000e+04
   1.0000000e+00   7.6600000e+02   1.3006000e+04
   1.0000000e+00   7.6700000e+02   1.3007000e+04
   1.0000000e+00   7.6800000e+02   1.3008000e+04
   1.0000000e+00   7.6600000e+02   1.3020000e+04
   1.0000000e+00   7.6700000e+02   1.3021000e+04
   1.0000000e+00   7.6800000e+02   1.3022000e+04
   3.0000000e+00   7.6700000e+02   1.3028000e+04
   3.0000000e+00   7.6800000e+02   1.3029000e+04
   3.0000000e+00   7.6900000e+02   1.3030000e+04
   1.0000000e+00   7.6900000e+02   1.3089000e+04
   1.0000000e+00   7.7000000e+02   1.3090000e+04
   1.0000000e+00   7.7100000e+02   1.3091000e+04
   1.0000000e+00   7.7200000e+02   1.3092000e+04
   1.0000000e+00   7.7300000e+02   1.3093000e+04
   1.0000000e+00   7.7100000e+02   1.3105000e+04
   1.0000000e+00   7.7200000e+02   1.3106000e+04
   1.0000000e+00   7.7300000e+02   1.3107000e+04
   3.0000000e+00   7.7200000e+02   1.3113000e+04
   3.0000000e+00   7.7300000e+02   1.3114000e+04
   3.0000000e+00   7.7400000e+02   1.3115000e+04
   1.0000000e+00   7.7400000e+02   1.3174000e+04
   1.0000000e+00   7.7500000e+02   1.3175000e+04
   1.0000000e+00   7.7600000e+02   1.3176000e+04
   1.0000000e+00   7.7700000e+02   1.3177000e+04
   1.0000000e+00   7.7800000e+02   1.3178000e+04
   1.0000000e+00   7.7600000e+02   1.3190000e+04
   1.0000000e+00   7.7700000e+02   1.3191000e+04
   1.0000000e+00   7.7800000e+02   1.3192000e+04
   3.0000000e+00   7.7700000e+02   1.3198000e+04
   3.0000000e+00   7.7800000e+02   1.3199000e+04
   3.0000000e+00   7.7900000e+02   1.3200000e+04
   1.0000000e+00   7.7900000e+02   1.3259000e+04
   1.0000000e+00   7.8000000e+02   1.3260000e+04
   1.0000000e+00   7.8100000e+02   1.3261000e+04
   1.0000000e+00   7.8200000e+02   1.3262000e+04
   1.0000000e+00   7.8300000e+02   1.3263000e+04
   1.0000000e+00   7.8100000e+02   1.3275000e+04
   1.0000000e+00   7.8200000e+02   1.3276000e+04
   1.0000000e+00   7.8300000e+02   1.3277000e+04
   3.0000000e+00   7.8200000e+02   1.3283000e+04
   3.0000000e+00   7.8300000e+02   1.3284000e+04
   3.0000000e+00   7.8400000e+02   1.3285000e+04
   1.0000000e+00   7.8400000e+02   1.3344000e+04
   1.0000000e+00   7.8500000e+02   1.3345000e+04
   1.0000000e+00   7.8600000e+02   1.3346000e+04
   1.0000000e+00   7.8700000e+02   1.3347000e+04
   1.0000000e+00   7.8800000e+02   1.3348000e+04
   1.0000000e+00   7.8600000e+02   1.3360000e+04
   1.0000000e+00   7.8700000e+02   1.3361000e+04
   1.0000000e+00   7.8800000e+02   1.3362000e+04
   3.0000000e+00   7.8700000e+02   1.3368000e+04
   3.0000000e+00   7.8800000e+02   1.3369000e+04
   3.0000000e+00   7.8900000e+02   1.3370000e+04
   1.0000000e+00   7.8900000e+02   1.3429000e+04
   1.0000000e+00   7.9000000e+02   1.3430000e+04
   1.0000000e+00   7.9100000e+02   1.3431000e+04
   1.0000000e+00   7.9200000e+02   1.3432000e+04
   1.0000000e+00   7.9300000e+02   1.3433000e+04
   1.0000000e+00   7.9100000e+02   1.3445000e+04
   1.0000000e+00   7.9200000e+02   1.3446000e+04
   1.0000000e+00   7.9300000e+02   1.3447000e+04
   3.0000000e+00   7.9200000e+02   1.3453000e+04
   3.0000000e+00   7.9300000e+02   1.3454000e+04
   3.0000000e+00   7.9400000e+02   1.3455000e+04
   1.0000000e+00   7.9400000e+02   1.3514000e+04
   1.0000000e+00   7.9500000e+02   1.3515000e+04
   1.0000000e+00   7.9600000e+02   1.3516000e+04
   1.0000000e+00   7.9700000e+02   1.3517000e+04
   1.0000000e+00   7.9800000e+02   1.3518000e+04
   1.0000000e+00   7.9600000e+02   1.3530000e+04
   1.0000000e+00   7.9700000e+02   1.3531000e+04
   1.0000000e+00   7.9800000e+02   1.3532000e+04
   3.0000000e+00   7.9700000e+02   1.3538000e+04
   3.0000000e+00   7.9800000e+02   1.3539000e+04
   3.0000000e+00   7.9900000e+02   1.3540000e+04
   1.0000000e+00   7.9900000e+02   1.3599000e+04
   1.0000000e+00   8.0000000e+02   1.3600000e+04
   1.0000000e+00   8.0100000e+02   1.3601000e+04
   1.0000000e+00   8.0200000e+02   1.3602000e+04
   1.0000000e+00   8.0300000e+02   1.3603000e+04
   1.0000000e+00   8.0100000e+02   1.3615000e+04
   1.0000000e+00   8.0200000e+02   1.3616000e+04
   1.0000000e+00   8.0300000e+02   1.3617000e+04
   3.0000000e+00   8.0200000e+02   1.3623000e+04
   3.0000000e+00   8.0300000e+02   1.3624000e+04
   3.0000000e+00   8.0400000e+02   1.3625000e+04
   1.0000000e+00   8.0400000e+02   1.3684000e+04
   1.0000000e+00   8.0500000e+02   1.3685000e+04
   1.0000000e+00   8.0600000e+02   1.3686000e+04
   1.0000000e+00   8.0700000e+02   1.3687000e+04
   1.0000000e+00   8.0800000e+02   1.3688000e+04
   1.0000000e+00   8.0600000e+02   1.3700000e+04
   1.0000000e+00   8.0700000e+02   1.3701000e+04
   1.0000000e+00   8.0800000e+02   1.3702000e+04
   3.0000000e+00   8.0700000e+02   1.3708000e+04
   3.0000000e+00   8.0800000e+02   1.3709000e+04
   3.0000000e+00   8.0900000e+02   1.3710000e+04
   1.0000000e+00   8.0900000e+02   1.3769000e+04
   1.0000000e+00   8.1000000e+02   1.3770000e+04
   1.0000000e+00   8.1100000e+02   1.3771000e+04
   1.0000000e+00   8.1200000e+02   1.3772000e+04
   1.0000000e+00   8.1300000e+02   1.3773000e+04
   1.0000000e+00   8.1100000e+02   1.3785000e+04
   1.0000000e+00   8.1200000e+02   1.3786000e+04
   1.0000000e+00   8.1300000e+02   1.3787000e+04
   3.0000000e+00   8.1200000e+02   1.3793000e+04
   3.0000000e+00   8.1300000e+02   1.3794000e+04
   3.0000000e+00   8.1400000e+02   1.3795000e+04
   1.0000000e+00   8.1400000e+02   1.3854000e+04
   1.0000000e+00   8.1500000e+02   1.3855000e+04
   1.0000000e+00   8.1600000e+02   1.3856000e+04
   1.0000000e+00   8.1700000e+02   1.3857000e+04
   1.0000000e+00   8.1800000e+02   1.3858000e+04
   1.0000000e+00   8.1600000e+02   1.3870000e+04
   1.0000000e+00   8.1700000e+02   1.3871000e+04
   1.0000000e+00   8.1800000e+02   1.3872000e+04
   3.0000000e+00   8.1700000e+02   1.3878000e+04
   3.0000000e+00   8.1800000e+02   1.3879000e+04
   3.0000000e+00   8.1900000e+02   1.3880000e+04
   1.0000000e+00   8.1900000e+02   1.3939000e+04
   1.0000000e+00   8.2000000e+02   1.3940000e+04
   1.0000000e+00   8.2100000e+02   1.3941000e+04
   1.0000000e+00   8.2200000e+02   1.3942000e+04
   1.0000000e+00   8.2300000e+02   1.3943000e+04
   1.0000000e+00   8.2100000e+02   1.3955000e+04
   1.0000000e+00   8.2200000e+02   1.3956000e+04
   1.0000000e+00   8.2300000e+02   1.3957000e+04
   3.0000000e+00   8.2200000e+02   1.3963000e+04
   3.0000000e+00   8.2300000e+02   1.3964000e+04
   3.0000000e+00   8.2400000e+02   1.3965000e+04
   1.0000000e+00   8.2400000e+02   1.4024000e+04
   1.0000000e+00   8.2500000e+02   1.4025000e+04
   1.0000000e+00   8.2600000e+02   1.4026000e+04
   1.0000000e+00   8.2700000e+02   1.4027000e+04
   1.0000000e+00   8.2800000e+02   1.4028000e+04
   1.0000000e+00   8.2600000e+02   1.4040000e+04
   1.0000000e+00   8.2700000e+02   1.4041000e+04
   1.0000000e+00   8.2800000e+02   1.4042000e+04
   3.0000000e+00   8.2700000e+02   1.4048000e+04
   3.0000000e+00   8.2800000e+02   1.4049000e+04
   3.0000000e+00   8.2900000e+02   1.4050000e+04
   1.0000000e+00   8.2900000e+02   1.4109000e+04
   1.0000000e+00   8.3000000e+02   1.4110000e+04
   1.0000000e+00   8.3100000e+02   1.4111000e+04
   1.0000000e+00   8.3200000e+02   1.4112000e+04
   1.0000000e+00   8.3300000e+02   1.4113000e+04
   1.0000000e+00   8.3100000e+02   1.4125000e+04
   1.0000000e+00   8.3200000e+02   1.4126000e+04
   1.0000000e+00   8.3300000e+02   1.4127000e+04
   3.0000000e+00   8.3200000e+02   1.4133000e+04
   3.0000000e+00   8.3300000e+02   1.4134000e+04
   3.0000000e+00   8.3400000e+02   1.4135000e+04
   1.0000000e+00   8.3400000e+02   1.4194000e+04
   1.0000000e+00   8.3500000e+02   1.4195000e+04
   1.0000000e+00   8.3600000e+02   1.4196000e+04
   1.0000000e+00   8.3700000e+02   1.4197000e+04
   1.0000000e+00   8.3800000e+02   1.4198000e+04
   1.0000000e+00   8.3600000e+02   1.4210000e+04
   1.0000000e+00   8.3700000e+02   1.4211000e+04
   1.0000000e+00   8.3800000e+02   1.4212000e+04
   3.0000000e+00   8.3700000e+02   1.4218000e+04
   3.0000000e+00   8.3800000e+02   1.4219000e+04
   3.0000000e+00   8.3900000e+02   1.4220000e+04
   1.0000000e+00   8.3900000e+02   1.4279000e+04
   1.0000000e+00   8.4000000e+02   1.4280000e+04
   1.0000000e+00   8.4100000e+02   1.4281000e+04
   1.0000000e+00   8.4200000e+02   1.4282000e+04
   1.0000000e+00   8.4300000e+02   1.4283000e+04
   1.0000000e+00   8.4100000e+02   1.4295000e+04
   1.0000000e+00   8.4200000e+02   1.4296000e+04
   1.0000000e+00   8.4300000e+02   1.4297000e+04
   3.0000000e+00   8.4200000e+02   1.4303000e+04
   3.0000000e+00   8.4300000e+02   1.4304000e+04
   3.0000000e+00   8.4400000e+02   1.4305000e+04
   1.0000000e+00   8.4400000e+02   1.4364000e+04
   1.0000000e+00   8.4500000e+02   1.4365000e+04
   1.0000000e+00   8.4600000e+02   1.4366000e+04
   1.0000000e+00   8.4700000e+02   1.4367000e+04
   1.0000000e+00   8.4800000e+02   1.4368000e+04
   1.0000000e+00   8.4600000e+02   1.4380000e+04
   1.0000000e+00   8.4700000e+02   1.4381000e+04
   1.0000000e+00   8.4800000e+02   1.4382000e+04
   3.0000000e+00   8.4700000e+02   1.4388000e+04
   3.0000000e+00   8.4800000e+02   1.4389000e+04
   3.0000000e+00   8.4900000e+02   1.4390000e+04
   1.0000000e+00   8.4900000e+02   1.4449000e+04
   1.0000000e+00   8.5000000e+02   1.4450000e+04
   1.0000000e+00   8.5100000e+02   1.4451000e+04
   1.0000000e+00   8.5200000e+02   1.4452000e+04
   1.0000000e+00   8.5300000e+02   1.4453000e+04
   1.0000000e+00   8.5100000e+02   1.4465000e+04
   1.0000000e+00   8.5200000e+02   1.4466000e+04
   1.0000000e+00   8.5300000e+02   1.4467000e+04
   3.0000000e+00   8.5200000e+02   1.4473000e+04
   3.0000000e+00   8.5300000e+02   1.4474000e+04
   3.0000000e+00   8.5400000e+02   1.4475000e+04
   1.0000000e+00   8.5400000e+02   1.4534000e+04
   1.0000000e+00   8.5500000e+02   1.4535000e+04
   1.0000000e+00   8.5600000e+02   1.4536000e+04
   1.0000000e+00   8.5700000e+02   1.4537000e+04
   1.0000000e+00   8.5800000e+02   1.4538000e+04
   1.0000000e+00   8.5600000e+02   1.4550000e+04
   1.0000000e+00   8.5700000e+02   1.4551000e+04
   1.0000000e+00   8.5800000e+02   1.4552000e+04
   3.0000000e+00   8.5700000e+02   1.4558000e+04
   3.0000000e+00   8.5800000e+02   1.4559000e+04
   3.0000000e+00   8.5900000e+02   1.4560000e+04
   1.0000000e+00   8.5900000e+02   1.4619000e+04
   1.0000000e+00   8.6000000e+02   1.4620000e+04
   1.0000000e+00   8.6100000e+02   1.4621000e+04
   1.0000000e+00   8.6200000e+02   1.4622000e+04
   1.0000000e+00   8.6300000e+02   1.4623000e+04
   1.0000000e+00   8.6100000e+02   1.4635000e+04
   1.0000000e+00   8.6200000e+02   1.4636000e+04
   1.0000000e+00   8.6300000e+02   1.4637000e+04
   3.0000000e+00   8.6200000e+02   1.4643000e+04
   3.0000000e+00   8.6300000e+02   1.4644000e+04
   3.0000000e+00   8.6400000e+02   1.4645000e+04
   1.0000000e+00   8.6400000e+02   1.4704000e+04
   1.0000000e+00   8.6500000e+02   1.4705000e+04
   1.0000000e+00   8.6600000e+02   1.4706000e+04
   1.0000000e+00   8.6700000e+02   1.4707000e+04
   1.0000000e+00   8.6800000e+02   1.4708000e+04
   1.0000000e+00   8.6600000e+02   1.4720000e+04
   1.0000000e+00   8.6700000e+02   1.4721000e+04
   1.0000000e+00   8.6800000e+02   1.4722000e+04
   3.0000000e+00   8.6700000e+02   1.4728000e+04
   3.0000000e+00   8.6800000e+02   1.4729000e+04
   3.0000000e+00   8.6900000e+02   1.4730000e+04
   1.0000000e+00   8.6900000e+02   1.4789000e+04
   1.0000000e+00   8.7000000e+02   1.4790000e+04
   1.0000000e+00   8.7100000e+02   1.4791000e+04
   1.0000000e+00   8.7200000e+02   1.4792000e+04
   1.0000000e+00   8.7300000e+02   1.4793000e+04
   1.0000000e+00   8.7100000e+02   1.4805000e+04
   1.0000000e+00   8.7200000e+02   1.4806000e+04
   1.0000000e+00   8.7300000e+02   1.4807000e+04
   3.0000000e+00   8.7200000e+02   1.4813000e+04
   3.0000000e+00   8.7300000e+02   1.4814000e+04
   3.0000000e+00   8.7400000e+02   1.4815000e+04
   1.0000000e+00   8.7400000e+02   1.4874000e+04
   1.0000000e+00   8.7500000e+02   1.4875000e+04
   1.0000000e+00   8.7600000e+02   1.4876000e+04
   1.0000000e+00   8.7700000e+02   1.4877000e+04
   1.0000000e+00   8.7800000e+02   1.4878000e+04
   1.0000000e+00   8.7600000e+02   1.4890000e+04
   1.0000000e+00   8.7700000e+02   1.4891000e+04
   1.0000000e+00   8.7800000e+02   1.4892000e+04
   3.0000000e+00   8.7700000e+02   1.4898000e+04
   3.0000000e+00   8.7800000e+02   1.4899000e+04
   3.0000000e+00   8.7900000e+02   1.4900000e+04
   1.0000000e+00   8.7900000e+02   1.4959000e+04
   1.0000000e+00   8.8000000e+02   1.4960000e+04
   1.0000000e+00   8.8100000e+02   1.4961000e+04
   1.0000000e+00   8.8200000e+02   1.4962000e+04
   1.0000000e+00   8.8300000e+02   1.4963000e+04
   1.0000000e+00   8.8100000e+02   1.4975000e+04
   1.0000000e+00   8.8200000e+02   1.4976000e+04
   1.0000000e+00   8.8300000e+02   1.4977000e+04
   3.0000000e+00   8.8200000e+02   1.4983000e+04
   3.0000000e+00   8.8300000e+02   1.4984000e+04
   3.0000000e+00   8.8400000e+02   1.4985000e+04
   1.0000000e+00   8.8400000e+02   1.5044000e+04
   1.0000000e+00   8.8500000e+02   1.5045000e+04
   1.0000000e+00   8.8600000e+02   1.5046000e+04
   1.0000000e+00   8.8700000e+02   1.5047000e+04
   1.0000000e+00   8.8800000e+02   1.5048000e+04
   1.0000000e+00   8.8600000e+02   1.5060000e+04
   1.0000000e+00   8.8700000e+02   1.5061000e+04
   1.0000000e+00   8.8800000e+02   1.5062000e+04
   3.0000000e+00   8.8700000e+02   1.5068000e+04
   3.0000000e+00   8.8800000e+02   1.5069000e+04
   3.0000000e+00   8.8900000e+02   1.5070000e+04
   1.0000000e+00   8.8900000e+02   1.5129000e+04
   1.0000000e+00   8.9000000e+02   1.5130000e+04
   1.0000000e+00   8.9100000e+02   1.5131000e+04
   1.0000000e+00   8.9200000e+02   1.5132000e+04
   1.0000000e+00   8.9300000e+02   1.5133000e+04
   1.0000000e+00   8.9100000e+02   1.5145000e+04
   1.0000000e+00   8.9200000e+02   1.5146000e+04
   1.0000000e+00   8.9300000e+02   1.5147000e+04
   3.0000000e+00   8.9200000e+02   1.5153000e+04
   3.0000000e+00   8.9300000e+02   1.5154000e+04
   3.0000000e+00   8.9400000e+02   1.5155000e+04
   1.0000000e+00   8.9400000e+02   1.5214000e+04
   1.0000000e+00   8.9500000e+02   1.5215000e+04
   1.0000000e+00   8.9600000e+02   1.5216000e+04
   1.0000000e+00   8.9700000e+02   1.5217000e+04
   1.0000000e+00   8.9800000e+02   1.5218000e+04
   1.0000000e+00   8.9600000e+02   1.5230000e+04
   1.0000000e+00   8.9700000e+02   1.5231000e+04
   1.0000000e+00   8.9800000e+02   1.5232000e+04
   3.0000000e+00   8.9700000e+02   1.5238000e+04
   3.0000000e+00   8.9800000e+02   1.5239000e+04
   3.0000000e+00   8.9900000e+02   1.5240000e+04
   1.0000000e+00   8.9900000e+02   1.5299000e+04
   1.0000000e+00   9.0000000e+02   1.5300000e+04