6 1 2 3 0 0 0 0 0 0
6 1 2 3 0 0 0 0 0 0
6 4 5 6 0 0 0 0 0 0
6 4 5 6 0 0 0 0 0 0
1	1	7	1	0	0	0	0	0	0
1	2	8	1	0	0	0	0	0	0
1	3	9	1	0	0	0	0	0	0
2	7	0	0.1	0	0	0	0	0	0
2	8	0	0.1	0	0	0	0	0	0
2	9	0	0.1	0	0	0	0	0	0
1	1	10	1	0	0	0	0	0	0
1	2	11	1	0	0	0	0	0	0
1	3	12	1	0	0	0	0	0	0
2	10	0	0.1	0	0	0	0	0	0
2	11	0	0.1	0	0	0	0	0	0
2	12	0	0.1	0	0	0	0	0	0
1	1	13	1	0	0	0	0	0	0
1	2	14	1	0	0	0	0	0	0
1	3	15	1	0	0	0	0	0	0
2	13	0	0.1	0	0	0	0	0	0
2	14	0	0.1	0	0	0	0	0	0
2	15	0	0.1	0	0	0	0	0	0
1	1	16	1	0	0	0	0	0	0
1	2	17	1	0	0	0	0	0	0
1	3	18	1	0	0	0	0	0	0
2	16	0	0.1	0	0	0	0	0	0
2	17	0	0.1	0	0	0	0	0	0
2	18	0	0.1	0	0	0	0	0	0
1	4	19	1	0	0	0	0	0	0
1	5	20	1	0	0	0	0	0	0
1	6	21	1	0	0	0	0	0	0
2	19	0	0.1	0	0	0	0	0	0
2	20	0	0.1	0	0	0	0	0	0
2	21	0	0.1	0	0	0	0	0	0
1	4	22	1	0	0	0	0	0	0
1	5	23	1	0	0	0	0	0	0
1	6	24	1	0	0	0	0	0	0
2	22	0	0.1	0	0	0	0	0	0
2	23	0	0.1	0	0	0	0	0	0
2	24	0	0.1	0	0	0	0	0	0
1	4	25	1	0	0	0	0	0	0
1	5	26	1	0	0	0	0	0	0
1	6	27	1	0	0	0	0	0	0
2	25	0	0.1	0	0	0	0	0	0
2	26	0	0.1	0	0	0	0	0	0
2	27	0	0.1	0	0	0	0	0	0
1	4	28	1	0	0	0	0	0	0
1	5	29	1	0	0	0	0	0	0
1	6	30	1	0	0	0	0	0	0
2	28	0	0.1	0	0	0	0	0	0
2	29	0	0.1	0	0	0	0	0	0
2	30	0	0.1	0	0	0	0	0	0
7	31	37	0.01	1.00E+06	0	0	0	0	0
7	38	33	0.01	1.00E+06	0	0	0	0	0
7	32	37	0.01	1.00E+06	0	0	0	0	0
7	38	31	0.01	1.00E+06	0	0	0	0	0
7	33	37	0.01	1.00E+06	0	0	0	0	0
7	38	32	0.01	1.00E+06	0	0	0	0	0
1	38	0	1.00E+06	0	0	0	0	0	0
3	37	38	0.001	0	0	0	0	0	0
1	38	127	0.001	0	0	0	0	0	0 
7	31	127	0.01	1.00E+06	0	0	0	0	0
7	39	33	0.01	1.00E+06	0	0	0	0	0
7	32	127	0.01	1.00E+06	0	0	0	0	0
7	39	31	0.01	1.00E+06	0	0	0	0	0
7	33	127	0.01	1.00E+06	0	0	0	0	0
7	39	32	0.01	1.00E+06	0	0	0	0	0
1	39	0	1.00E+06	0	0	0	0	0	0
3	127	39	0.001	0	0	0	0	0	0
7	34	40	0.01	1.00E+06	0	0	0	0	0
7	41	36	0.01	1.00E+06	0	0	0	0	0
7	35	40	0.01	1.00E+06	0	0	0	0	0
7	41	34	0.01	1.00E+06	0	0	0	0	0
7	36	40	0.01	1.00E+06	0	0	0	0	0
7	41	35	0.01	1.00E+06	0	0	0	0	0
1	41	0	1.00E+06	0	0	0	0	0	0
3	40	41	0.001	0	0	0	0	0	0
1	41	128	0.001	0	0	0	0	0	0
7	34	128	0.01	1.00E+06	0	0	0	0	0
7	42	36	0.01	1.00E+06	0	0	0	0	0
7	35	128	0.01	1.00E+06	0	0	0	0	0
7	42	34	0.01	1.00E+06	0	0	0	0	0
7	36	128	0.01	1.00E+06	0	0	0	0	0
7	42	35	0.01	1.00E+06	0	0	0	0	0
1	42	0	1.00E+06	0	0	0	0	0	0
3	128	42	0.001	0	0	0	0	0	0
11	43	44	49	58	1	0.01	1e6	0	0
1	44	0	1e6	0	0	0	0	0	0
11	45	46	59	68	2	0.01	1e6	0	0
1	46	0	1e6	0	0	0	0	0	0
11	47	48	69	78	3	0.01	1e6	0	0
1	48	0	1e6	0	0	0	0	0	0
15	49	78	0	0	0	0	0	0	0
1	49	0	1e6	0	0	0	0	0	0
1	50	0	1e6	0	0	0	0	0	0
1	51	0	1e6	0	0	0	0	0	0
1	52	0	1e6	0	0	0	0	0	0
1	53	0	1e6	0	0	0	0	0	0
1	54	0	1e6	0	0	0	0	0	0
1	55	0	1e6	0	0	0	0	0	0
1	56	0	1e6	0	0	0	0	0	0
1	57	0	1e6	0	0	0	0	0	0
1	58	0	1e6	0	0	0	0	0	0
1	59	0	1e6	0	0	0	0	0	0
1	60	0	1e6	0	0	0	0	0	0
1	61	0	1e6	0	0	0	0	0	0
1	62	0	1e6	0	0	0	0	0	0
1	63	0	1e6	0	0	0	0	0	0
1	64	0	1e6	0	0	0	0	0	0
1	65	0	1e6	0	0	0	0	0	0
1	66	0	1e6	0	0	0	0	0	0
1	67	0	1e6	0	0	0	0	0	0
1	68	0	1e6	0	0	0	0	0	0
1	69	0	1e6	0	0	0	0	0	0
1	70	0	1e6	0	0	0	0	0	0
1	71	0	1e6	0	0	0	0	0	0
1	72	0	1e6	0	0	0	0	0	0
1	73	0	1e6	0	0	0	0	0	0
1	74	0	1e6	0	0	0	0	0	0
1	75	0	1e6	0	0	0	0	0	0
1	76	0	1e6	0	0	0	0	0	0
1	77	0	1e6	0	0	0	0	0	0
1	78	0	1e6	0	0	0	0	0	0
7	79	85	0.01	1.00E+06	0	0	0	0	0
7	86	81	0.01	1.00E+06	0	0	0	0	0
7	80	85	0.01	1.00E+06	0	0	0	0	0
7	86	79	0.01	1.00E+06	0	0	0	0	0
7	81	85	0.01	1.00E+06	0	0	0	0	0
7	86	80	0.01	1.00E+06	0	0	0	0	0
1	86	0	1.00E+06	0	0	0	0	0	0
3	85	86	0.001	0	0	0	0	0	0
1	86	129	0.001	0	0	0	0	0	0
7	79	129	0.01	1.00E+06	0	0	0	0	0
7	87	81	0.01	1.00E+06	0	0	0	0	0
7	80	129	0.01	1.00E+06	0	0	0	0	0
7	87	79	0.01	1.00E+06	0	0	0	0	0
7	81	129	0.01	1.00E+06	0	0	0	0	0
7	87	80	0.01	1.00E+06	0	0	0	0	0
1	87	0	1.00E+06	0	0	0	0	0	0
3	129	87	0.001	0	0	0	0	0	0
7	82	88	0.01	1.00E+06	0	0	0	0	0
7	89	84	0.01	1.00E+06	0	0	0	0	0
7	83	88	0.01	1.00E+06	0	0	0	0	0
7	89	82	0.01	1.00E+06	0	0	0	0	0
7	84	88	0.01	1.00E+06	0	0	0	0	0
7	89	83	0.01	1.00E+06	0	0	0	0	0
1	89	0	1.00E+06	0	0	0	0	0	0
3	88	89	0.001	0	0	0	0	0	0
1	89	130	0.001	0	0	0	0	0	0
7	82	130	0.01	1.00E+06	0	0	0	0	0
7	90	84	0.01	1.00E+06	0	0	0	0	0
7	83	130	0.01	1.00E+06	0	0	0	0	0
7	90	82	0.01	1.00E+06	0	0	0	0	0
7	84	130	0.01	1.00E+06	0	0	0	0	0
7	90	83	0.01	1.00E+06	0	0	0	0	0
1	90	0	1.00E+06	0	0	0	0	0	0
3	130	90	0.001	0	0	0	0	0	0
11	91	92	97	106	1	0.01	1e6	0	0
1	92	0	1e6	0	0	0	0	0	0
11	93	94	107	116	2	0.01	1e6	0	0
1	94	0	1e6	0	0	0	0	0	0
11	95	96	117	126	3	0.01	1e6	0	0
1	96	0	1e6	0	0	0	0	0	0
15	97	126	0	0	0	0	0	0	0
1	97 	0	1e6	0	0	0	0	0	0
1	98 	0	1e6	0	0	0	0	0	0
1	99 	0	1e6	0	0	0	0	0	0
1	100	0	1e6	0	0	0	0	0	0
1	101	0	1e6	0	0	0	0	0	0
1	102	0	1e6	0	0	0	0	0	0
1	103	0	1e6	0	0	0	0	0	0
1	104	0	1e6	0	0	0	0	0	0
1	105	0	1e6	0	0	0	0	0	0
1	106	0	1e6	0	0	0	0	0	0
1	107	0	1e6	0	0	0	0	0	0
1	108	0	1e6	0	0	0	0	0	0
1	109	0	1e6	0	0	0	0	0	0
1	110	0	1e6	0	0	0	0	0	0
1	111	0	1e6	0	0	0	0	0	0
1	112	0	1e6	0	0	0	0	0	0
1	113	0	1e6	0	0	0	0	0	0
1	114	0	1e6	0	0	0	0	0	0
1	115	0	1e6	0	0	0	0	0	0
1	116	0	1e6	0	0	0	0	0	0
1	117	0	1e6	0	0	0	0	0	0
1	118	0	1e6	0	0	0	0	0	0
1	119	0	1e6	0	0	0	0	0	0
1	120	0	1e6	0	0	0	0	0	0
1	121	0	1e6	0	0	0	0	0	0
1	122	0	1e6	0	0	0	0	0	0
1	123	0	1e6	0	0	0	0	0	0
1	124	0	1e6	0	0	0	0	0	0
1	125	0	1e6	0	0	0	0	0	0
1	126	0	1e6	0	0	0	0	0	0
1	1	4	0.001	0	0	0	0	0	0    
1	2	5	0.001	0	0	0	0	0	0    
1	3	6	0.001	0	0	0	0	0	0    
1	1	4	0.001	0	0	0	0	0	0    
1	2	5	0.001	0	0	0	0	0	0    
1	3	6	0.001	0	0	0	0	0	0    
1	1	31	0.001	0	0	0	0	0	0  
1	2	32	0.001	0	0	0	0	0	0  
1	3	33	0.001	0	0	0	0	0	0  
1	1	34	0.001	0	0	0	0	0	0  
1	2	35	0.001	0	0	0	0	0	0  
1	3	36	0.001	0	0	0	0	0	0  
1	39	40	0.001	0	0	0	0	0	0
1	37	43	0.001	0	0	0	0	0	0
1	42	44	0.001	0	0	0	0	0	0
1	37	45	0.001	0	0	0	0	0	0
1	42	46	0.001	0	0	0	0	0	0
1	37	47	0.001	0	0	0	0	0	0
1	42	48	0.001	0	0	0	0	0	0
1	4	79	0.001	0	0	0	0	0	0  
1	5	80	0.001	0	0	0	0	0	0  
1	6	81	0.001	0	0	0	0	0	0  
1	4	82	0.001	0	0	0	0	0	0  
1	5	83	0.001	0	0	0	0	0	0  
1	6	84	0.001	0	0	0	0	0	0  
1	87	88	0.001	0	0	0	0	0	0
1	85	91	0.001	0	0	0	0	0	0
1	90	92	0.001	0	0	0	0	0	0
1	85	93	0.001	0	0	0	0	0	0
1	90	94	0.001	0	0	0	0	0	0
1	85	95	0.001	0	0	0	0	0	0
1	90	96	0.001	0	0	0	0	0	0