1 1 2 10 0 0 0 0 0 0
3 1 2 16000e-6 0 0 0 0 0 0
22 1 5 0.001 1e6 0 0 0 0 0
7 5 1 0.001 1e6 0 0 0 0 0
22 5 2 0.001 1e6 0 0 0 0 0
7 2 5 0.001 1e6 0 0 0 0 0
22 1 4 0.001 1e6 0 0 0 0 0
7 4 1 0.001 1e6 0 0 0 0 0
22 4 2 0.001 1e6 0 0 0 0 0
7 2 4 0.001 1e6 0 0 0 0 0
22 1 3 0.001 1e6 0 0 0 0 0
7 3 1 0.001 1e6 0 0 0 0 0
22 3 2 0.001 1e6 0 0 0 0 0
7 2 3 0.001 1e6 0 0 0 0 0
1 3 6 0.001 0 0 0 0 0 0
1 4 7 0.001 0 0 0 0 0 0
1 5 8 0.001 0 0 0 0 0 0
2 6 9 0.6e-3 0 0 0 0 0 0
2 7 10 0.6e-3 0 0 0 0 0 0
2 8 11 0.6e-3 0 0 0 0 0 0
20 0 9 331.97640478403481459276054878863 50 0 0.001 0 0 0
20 0 10 331.97640478403481459276054878863 50 240 0.001 0 0 0
20 0 11 331.97640478403481459276054878863 50 120 0.001 0 0 0