4 0 1 563.38264084 0 50 1.0 0 0 0
4 0 2 563.38264084 240 50 1.0 0 0 0
4 0 3 563.38264084 120 50 1.0 0 0 0
18 1 6 0 0 0 0 0 0 0
1 4 12 0.001 0 0 0 0 0 0
1 5 13 0.001 0 0 0 0 0 0
1 6 14 0.001 0 0 0 0 0 0
3 0 7 32000e-6 0 0 0 0 0 0
3 8 0 32000e-6 0 0 0 0 0 0
4 8 7 1200 90 0 0.001 0 0 0
22 7 11 0.001 1e6 97 0 0 0 0
7 11 7 0.001 1e6 0 0 0 0 0
22 7 10 0.001 1e6 95 0 0 0 0
7 10 7 0.001 1e6 0 0 0 0 0
22 7 9 0.001 1e6 93 0 0 0 0
7 9 7 0.001 1e6 0 0 0 0 0
22 11 8 0.001 1e6 98 0 0 0 0
7 8 11 0.001 1e6 0 0 0 0 0
22 10 8 0.001 1e6 96 0 0 0 0
7 8 10 0.001 1e6 0 0 0 0 0
22 9 8 0.001 1e6 94 0 0 0 0
7 8 9 0.001 1e6 0 0 0 0 0
2 9 12 0.01e-3 0 0 0 0 0 0
2 10 13 0.01e-3 0 0 0 0 0 0
2 11 14 0.01e-3 0 0 0 0 0 0