   1.0000000e+00   1.0000000e+00   8.4000000e+01
   1.0000000e+00   2.0000000e+00   8.5000000e+01
   1.0000000e+00   3.0000000e+00   8.6000000e+01
   3.0000000e+00   1.3000000e+01   9.7000000e+01
   3.0000000e+00   1.4000000e+01   9.8000000e+01
   3.0000000e+00   1.5000000e+01   9.9000000e+01
   1.0000000e+00   4.0000000e+00   1.0900000e+02
   1.0000000e+00   5.0000000e+00   1.1000000e+02
   1.0000000e+00   6.0000000e+00   1.1100000e+02
   3.0000000e+00   5.0000000e+00   1.2400000e+02
   3.0000000e+00   6.0000000e+00   1.2500000e+02
   3.0000000e+00   7.0000000e+00   1.2600000e+02
   1.0000000e+00   1.0000000e+01   1.9200000e+02
   1.0000000e+00   1.1000000e+01   1.9300000e+02
   5.0000000e+00   1.0000000e+00   1.4300000e+02
   4.0000000e+00   1.0000000e+00   1.8100000e+02
   1.0000000e+00   1.2000000e+01   1.0000000e+00
   1.0000000e+00   1.3000000e+01   2.0000000e+00
   1.0000000e+00   1.4000000e+01   3.0000000e+00
   1.0000000e+00   1.2000000e+01   1.5000000e+01
   1.0000000e+00   1.3000000e+01   1.6000000e+01
   1.0000000e+00   1.4000000e+01   1.7000000e+01
   3.0000000e+00   1.0000000e+01   2.3000000e+01
   3.0000000e+00   1.1000000e+01   2.4000000e+01
   3.0000000e+00   1.2000000e+01   2.5000000e+01
   1.0000000e+00   1.8000000e+01   2.7700000e+02
   1.0000000e+00   1.9000000e+01   2.7800000e+02
   1.0000000e+00   2.0000000e+01   2.7900000e+02
   3.0000000e+00   2.8000000e+01   2.9000000e+02
   3.0000000e+00   2.9000000e+01   2.9100000e+02
   3.0000000e+00   3.0000000e+01   2.9200000e+02
   1.0000000e+00   2.1000000e+01   3.0200000e+02
   1.0000000e+00   2.2000000e+01   3.0300000e+02
   1.0000000e+00   2.3000000e+01   3.0400000e+02
   3.0000000e+00   2.0000000e+01   3.1700000e+02
   3.0000000e+00   2.1000000e+01   3.1800000e+02
   3.0000000e+00   2.2000000e+01   3.1900000e+02
   1.0000000e+00   2.7000000e+01   3.8500000e+02
   1.0000000e+00   2.8000000e+01   3.8600000e+02
   5.0000000e+00   1.6000000e+01   3.3600000e+02
   4.0000000e+00   1.6000000e+01   3.7400000e+02
   1.0000000e+00   2.9000000e+01   1.9400000e+02
   1.0000000e+00   3.0000000e+01   1.9500000e+02
   1.0000000e+00   3.1000000e+01   1.9600000e+02
   1.0000000e+00   2.9000000e+01   2.0800000e+02
   1.0000000e+00   3.0000000e+01   2.0900000e+02
   1.0000000e+00   3.1000000e+01   2.1000000e+02
   3.0000000e+00   2.5000000e+01   2.1600000e+02
   3.0000000e+00   2.6000000e+01   2.1700000e+02
   3.0000000e+00   2.7000000e+01   2.1800000e+02
   1.0000000e+00   3.5000000e+01   4.7000000e+02
   1.0000000e+00   3.6000000e+01   4.7100000e+02
   1.0000000e+00   3.7000000e+01   4.7200000e+02
   3.0000000e+00   4.3000000e+01   4.8300000e+02
   3.0000000e+00   4.4000000e+01   4.8400000e+02
   3.0000000e+00   4.5000000e+01   4.8500000e+02
   1.0000000e+00   3.8000000e+01   4.9500000e+02
   1.0000000e+00   3.9000000e+01   4.9600000e+02
   1.0000000e+00   4.0000000e+01   4.9700000e+02
   3.0000000e+00   3.5000000e+01   5.1000000e+02
   3.0000000e+00   3.6000000e+01   5.1100000e+02
   3.0000000e+00   3.7000000e+01   5.1200000e+02
   1.0000000e+00   4.4000000e+01   5.7800000e+02
   1.0000000e+00   4.5000000e+01   5.7900000e+02
   5.0000000e+00   3.1000000e+01   5.2900000e+02
   4.0000000e+00   3.1000000e+01   5.6700000e+02
   1.0000000e+00   4.6000000e+01   3.8700000e+02
   1.0000000e+00   4.7000000e+01   3.8800000e+02
   1.0000000e+00   4.8000000e+01   3.8900000e+02
   1.0000000e+00   4.6000000e+01   4.0100000e+02
   1.0000000e+00   4.7000000e+01   4.0200000e+02
   1.0000000e+00   4.8000000e+01   4.0300000e+02
   3.0000000e+00   4.0000000e+01   4.0900000e+02
   3.0000000e+00   4.1000000e+01   4.1000000e+02
   3.0000000e+00   4.2000000e+01   4.1100000e+02