12 1 12 0 0 0 0 0 0 0
1 1 13  1 0 0 0 0 0 0
1 2 14  1 0 0 0 0 0 0
1 3 15  1 0 0 0 0 0 0
1 4 16 1 0 0 0 0 0 0
1 5 17 1 0 0 0 0 0 0
1 6 18 1 0 0 0 0 0 0
1 7 19 1 0 0 0 0 0 0
1 8 20 1 0 0 0 0 0 0
1 9 21 1 0 0 0 0 0 0
1 10 22	1 0 0 0 0 0 0
1 11 23	1 0 0 0 0 0 0
1 12 24	1 0 0 0 0 0 0
2 13 25	0.001 0 0 0 0 0 0
2 14 26	0.001 0 0 0 0 0 0
2 15 27	0.001 0 0 0 0 0 0
2 16 31 	0.002 0 0 0 0 0 0
2 17 32 	0.001 0 0 0 0 0 0
2 18 33 	0.001 0 0 0 0 0 0
2 19 37 	0.003 0 0 0 0 0 0
2 20 38 	0.001 0 0 0 0 0 0
2 21 39 	0.001 0 0 0 0 0 0
2 22 43  0.004 0 0 0 0 0 0
2 23 44  0.001 0 0 0 0 0 0
2 24 45  0.001 0 0 0 0 0 0
7	25	28	0.01	1e6	0	0	0	0	0
7	26	28	0.01	1e6	0	0	0	0	0
7	27	28	0.01	1e6	0	0	0	0	0
7	29	25	0.01	1e6	0	0	0	0	0
7	29	26	0.01	1e6	0	0	0	0	0
7	29	27	0.01	1e6	0	0	0	0	0
1 28 30 1 0 0 0 0 0 0
2 30 29 0.01 0 0 0 0 0 0
1 29 0 1e6 0 0 0 0 0 0
3 28 29 0.001 0 0 0 0 0 0
7	31	34	0.01	1e6	0	0	0	0	0
7	32	34	0.01	1e6	0	0	0	0	0
7	33	34	0.01	1e6	0	0	0	0	0
7	35	31	0.01	1e6	0	0	0	0	0
7	35	32	0.01	1e6	0	0	0	0	0
7	35	33	0.01	1e6	0	0	0	0	0
1 34 36 1 0 0 0 0 0 0
2 36 35 0.01 0 0 0 0 0 0
1 35 0 1e6 0 0 0 0 0 0
3 34 35 0.001 0 0 0 0 0 0
7	37	40	0.01	1e6	0	0	0	0	0
7	38	40	0.01	1e6	0	0	0	0	0
7	39	40	0.01	1e6	0	0	0	0	0
7	41	37	0.01	1e6	0	0	0	0	0
7	41	38	0.01	1e6	0	0	0	0	0
7	41	39	0.01	1e6	0	0	0	0	0
1 40 42 1 0 0 0 0 0 0
2 42 41 0.01 0 0 0 0 0 0
1 41 0 1e6 0 0 0 0 0 0
3 40 41 0.001 0 0 0 0 0 0
7	43	46	0.01	1e6	0	0	0	0	0
7	44	46	0.01	1e6	0	0	0	0	0
7	45	46	0.01	1e6	0	0	0	0	0
7	47	43	0.01	1e6	0	0	0	0	0
7	47	44	0.01	1e6	0	0	0	0	0
7	47	45	0.01	1e6	0	0	0	0	0
1 46 48 1 0 0 0 0 0 0
2 48 47 0.01 0 0 0 0 0 0
1 47 0 1e6 0 0 0 0 0 0
3 46 47 0.001 0 0 0 0 0 0
1 29 34 1e-3 0 0 0 0 0 0
1 35 40 1e-3 0 0 0 0 0 0
1 41 46 1e-3 0 0 0 0 0 0
1 28 49 1 0 0 0 0 0 0
2 49 47 0.05 0 0 0 0 0 0