   1.0000000e+00   2.7000000e+01   8.4000000e+01
   1.0000000e+00   2.8000000e+01   8.5000000e+01
   1.0000000e+00   2.9000000e+01   8.6000000e+01
   3.0000000e+00   3.3000000e+01   9.7000000e+01
   3.0000000e+00   3.4000000e+01   9.8000000e+01
   3.0000000e+00   3.5000000e+01   9.9000000e+01
   1.0000000e+00   3.0000000e+01   1.0900000e+02
   1.0000000e+00   3.1000000e+01   1.1000000e+02
   1.0000000e+00   3.2000000e+01   1.1100000e+02
   3.0000000e+00   2.5000000e+01   1.2400000e+02
   3.0000000e+00   2.6000000e+01   1.2500000e+02
   3.0000000e+00   2.7000000e+01   1.2600000e+02
   1.0000000e+00   3.6000000e+01   1.9200000e+02
   1.0000000e+00   3.7000000e+01   1.9300000e+02
   5.0000000e+00   2.4000000e+01   1.4300000e+02
   4.0000000e+00   2.4000000e+01   1.8100000e+02
   1.0000000e+00   3.8000000e+01   1.0000000e+00
   1.0000000e+00   3.9000000e+01   2.0000000e+00
   1.0000000e+00   4.0000000e+01   3.0000000e+00
   1.0000000e+00   3.8000000e+01   1.5000000e+01
   1.0000000e+00   3.9000000e+01   1.6000000e+01
   1.0000000e+00   4.0000000e+01   1.7000000e+01
   3.0000000e+00   3.0000000e+01   2.3000000e+01
   3.0000000e+00   3.1000000e+01   2.4000000e+01
   3.0000000e+00   3.2000000e+01   2.5000000e+01