20 0 1 311.085197 0 50 0.001 10.5 10.55 0.2
20 0 2 311.085197 240 50 0.001 10.5 10.55 0.2
20 0 3 311.085197 120 50 0.001 10.5 10.55 0.2
2 1 4 0.694e-3 0 0 0 0 0 0
2 2 5 0.694e-3 0 0 0 0 0 0
2 3 6 0.694e-3 0 0 0 0 0 0
27 4 7 0.346 0.5 10.1 100000 0 0 0
27 5 8 0.346 0.5 10.1 100000 0 0 0
27 6 9 0.346 0.5 10.1 100000 0 0 0
1 7 10 0.26 0 0 0 0 0 0
1 8 11 0.26 0 0 0 0 0 0
1 9 12 0.26 0 0 0 0 0 0
2 10 13 0.431e-3 0 0 0 0 0 0
2 11 14 0.431e-3 0 0 0 0 0 0
2 12 15 0.431e-3 0 0 0 0 0 0
1 13 16 0.26 0 0 0 0 0 0
1 14 17 0.26 0 0 0 0 0 0
1 15 18 0.26 0 0 0 0 0 0
2 16 19 0.31e-3 0 0 0 0 0 0
2 17 20 0.31e-3 0 0 0 0 0 0
2 18 21 0.31e-3 0 0 0 0 0 0
1 13 0 4.84 0 0 0 0 0 0
1 14 0 4.84 0 0 0 0 0 0
1 15 0 4.84 0 0 0 0 0 0
27 19 22 0.01 10.5 10.1 100000 0 0 0
27 20 23 0.01 10.5 10.1 100000 0 0 0
27 21 24 0.01 10.5 10.1 100000 0 0 0
24 22 25 0.01 5e-3 5000e-6 51 2 0 0
26 26 25 1000 8 29 96 91 0 0
1 19 27 7.26 0 0 0 0 0 0
1 20 28 7.26 0 0 0 0 0 0
1 21 29 7.26 0 0 0 0 0 0
2 27 0 23.1e-3 0 0 0 0 0 0
2 28 0 23.1e-3 0 0 0 0 0 0
2 29 0 23.1e-3 0 0 0 0 0 0
1 7 30 0.26 0 0 0 0 0 0
1 8 31 0.26 0 0 0 0 0 0
1 9 32 0.26 0 0 0 0 0 0
2 30 33 0.431e-3 0 0 0 0 0 0
2 31 34 0.431e-3 0 0 0 0 0 0
2 32 35 0.431e-3 0 0 0 0 0 0
1 33 36 0.26 0 0 0 0 0 0
1 34 37 0.26 0 0 0 0 0 0
1 35 38 0.26 0 0 0 0 0 0
2 36 39 0.31e-3 0 0 0 0 0 0
2 37 40 0.31e-3 0 0 0 0 0 0
2 38 41 0.31e-3 0 0 0 0 0 0
1 33 0 1.21 0 0 0 0 0 0
1 34 0 1.21 0 0 0 0 0 0
1 35 0 1.21 0 0 0 0 0 0
27 39 42 0.01 10.5 10.1 100000 0 0 0
27 40 43 0.01 10.5 10.1 100000 0 0 0
27 41 44 0.01 10.5 10.1 100000 0 0 0
24 42 45 0.01 5e-3 5000e-6 154 2 0 0
26 46 45 1000 24 49 199 194 0 0
27 39 47 0.01 10.5 10.1 100000 0 0 0
27 40 48 0.01 10.5 10.1 100000 0 0 0
27 41 49 0.01 10.5 10.1 100000 0 0 0
3 47 0 73.1e-6 0 0 0 0 0 0
3 48 0 73.1e-6 0 0 0 0 0 0
3 49 0 73.1e-6 0 0 0 0 0 0
24 47 50 0.01 5e-3 5000e-6 266 2 0 0
28 51 50 0.874999 0 0 0 0 0 0
1 39 52 7.26 0 0 0 0 0 0
1 40 53 7.26 0 0 0 0 0 0
1 41 54 7.26 0 0 0 0 0 0
2 52 0 23.1e-3 0 0 0 0 0 0
2 53 0 23.1e-3 0 0 0 0 0 0
2 54 0 23.1e-3 0 0 0 0 0 0