7 1 4 0.001 0 0 0 0 0 0
7 2 5 0.001 0 0 0 0 0 0
7 3 6 0.001 0 0 0 0 0 0
8 4 5 6 7 8 0 0 0 0
12 7 8 9 10 1 0 0 0 0
10 7 8 10 11 12 0 0 0 0
7 13 16 -0.001 0 0 0 0 0 0
7 14 17 -0.001 0 0 0 0 0 0
7 15 18 -0.001 0 0 0 0 0 0
8 16 17 18 19 20 0 0 0 0
10 19 20 10 21 22 0 0 0 0
1 7 19 23 3 0 0 0 0 0
1 8 20 24 3 0 0 0 0 0
1 23 24 25 1 0 0 0 0 0
7 25 26 1.5 0 0 0 0 0 0
1 7 20 27 3 0 0 0 0 0
1 8 19 28 3 0 0 0 0 0
1 28 27 29 2 0 0 0 0 0
7 29 30 1.5 0 0 0 0 0 0
1 31 26 33 2 0 0 0 0 0
2 33 34 1 0.01 0 0 0 0 0
14 34 35 0.13 -0.13 0 0 0 0 0
1 30 32 36 2 0 0 0 0 0
2 36 37 1 0.01 0 0 0 0 0
14 37 38 0.13 -0.13 0 0 0 0 0
1 35 21 75 2 0 0 0 0 0
2 75 76 5 0.4 0 0 0 0 0
14 76 77 0.15 -0.15 0 0 0 0 0
1 77 11 78 1 0 0 0 0 0
3 39 1.57079632679 0 0 0 0 0 0 0
1 22 39 40 3 0 0 0 0 0
1 78 40 41 2 0 0 0 0 0
1 38 22 42 2 0 0 0 0 0
2 42 43 5 0.4 0.15 -0.15 0 0 0
14 43 44 0.15 -0.15 0 0 0 0 0
1 44 12 79 1 0 0 0 0 0
1 21 39 45 3 0 0 0 0 0
1 79 45 46 1 0 0 0 0 0
7 41 47 2 0 0 0 0 0 0
7 46 48 2 0 0 0 0 0 0
7 49 50 -0.001 0 0 0 0 0 0
1 47 50 51 4 0 0 0 0 0
1 48 50 52 4 0 0 0 0 0
12 51 52 53 54 1 0 0 0 0
14 53 55 2 0 0 0 0 0 0
12 55 54 56 57 2 0 0 0 0
11 56 57 10 58 59 0 0 0 0
9 58 59 60 61 62 0 0 0 0
5 63 5000 1 -1 0.5 180 0 0 0
15 66 0 0 0 0 0 0 0 0
3 67 0.4 0 0 0 0 0 0 0
3 64 -0.01 0 0 0 0 0 0 0
3 65 0.04 0 0 0 0 0 0 0
13 66 67 68 73 1 0 0 0 0
19 64 65 68 31 1 0 0 0 0
3 69 0.02 0 0 0 0 0 0 0
3 70 -0.01 0 0 0 0 0 0 0
3 71 0.4 0 0 0 0 0 0 0
13 66 71 72 74 1 0 0 0 0
19 69 70 72 32 1 0 0 0 0
6 1 400 50 0 0 0 0 0 0
6 2 400 50 240 0 0 0 0 0
6 3 400 50 120 0 0 0 0 0
6 13 2000 50 0 0 0 0 0 0
6 14 2000 50 240 0 0 0 0 0
6 15 2000 50 120 0 0 0 0 0
5 49 1000 1000 -1000 1.0 10 0 0 0
7 61 80 1000 0 0 0 0 0 0