   1.0000000e+00   1.0000000e+00   1.0000000e+00
   1.0000000e+00   2.0000000e+00   2.0000000e+00
   1.0000000e+00   3.0000000e+00   3.0000000e+00
   1.0000000e+00   1.0000000e+00   1.5000000e+01
   1.0000000e+00   2.0000000e+00   1.6000000e+01
   1.0000000e+00   3.0000000e+00   1.7000000e+01
   3.0000000e+00   2.0000000e+00   2.3000000e+01
   3.0000000e+00   3.0000000e+00   2.4000000e+01
   3.0000000e+00   4.0000000e+00   2.5000000e+01
   1.0000000e+00   4.0000000e+00   8.4000000e+01
   1.0000000e+00   5.0000000e+00   8.5000000e+01
   1.0000000e+00   6.0000000e+00   8.6000000e+01
   1.0000000e+00   7.0000000e+00   8.7000000e+01
   1.0000000e+00   8.0000000e+00   8.8000000e+01
   1.0000000e+00   6.0000000e+00   1.0000000e+02
   1.0000000e+00   7.0000000e+00   1.0100000e+02
   1.0000000e+00   8.0000000e+00   1.0200000e+02
   3.0000000e+00   7.0000000e+00   1.0800000e+02
   3.0000000e+00   8.0000000e+00   1.0900000e+02
   3.0000000e+00   9.0000000e+00   1.1000000e+02
   1.0000000e+00   9.0000000e+00   1.6900000e+02
   1.0000000e+00   1.0000000e+01   1.7000000e+02
   1.0000000e+00   1.1000000e+01   1.7100000e+02
   1.0000000e+00   1.2000000e+01   1.7200000e+02
   1.0000000e+00   1.3000000e+01   1.7300000e+02
   1.0000000e+00   1.1000000e+01   1.8500000e+02
   1.0000000e+00   1.2000000e+01   1.8600000e+02
   1.0000000e+00   1.3000000e+01   1.8700000e+02
   3.0000000e+00   1.2000000e+01   1.9300000e+02
   3.0000000e+00   1.3000000e+01   1.9400000e+02
   3.0000000e+00   1.4000000e+01   1.9500000e+02
   1.0000000e+00   1.4000000e+01   2.5400000e+02
   1.0000000e+00   1.5000000e+01   2.5500000e+02
   1.0000000e+00   1.6000000e+01   2.5600000e+02
   1.0000000e+00   1.7000000e+01   2.5700000e+02
   1.0000000e+00   1.8000000e+01   2.5800000e+02
   1.0000000e+00   1.6000000e+01   2.7000000e+02
   1.0000000e+00   1.7000000e+01   2.7100000e+02
   1.0000000e+00   1.8000000e+01   2.7200000e+02
   3.0000000e+00   1.7000000e+01   2.7800000e+02
   3.0000000e+00   1.8000000e+01   2.7900000e+02
   3.0000000e+00   1.9000000e+01   2.8000000e+02
   1.0000000e+00   1.9000000e+01   3.3900000e+02
   1.0000000e+00   2.0000000e+01   3.4000000e+02
   1.0000000e+00   2.1000000e+01   3.4100000e+02
   1.0000000e+00   2.2000000e+01   3.4200000e+02
   1.0000000e+00   2.3000000e+01   3.4300000e+02
   1.0000000e+00   2.1000000e+01   3.5500000e+02
   1.0000000e+00   2.2000000e+01   3.5600000e+02
   1.0000000e+00   2.3000000e+01   3.5700000e+02
   3.0000000e+00   2.2000000e+01   3.6300000e+02
   3.0000000e+00   2.3000000e+01   3.6400000e+02
   3.0000000e+00   2.4000000e+01   3.6500000e+02
   1.0000000e+00   2.4000000e+01   4.2400000e+02
   1.0000000e+00   2.5000000e+01   4.2500000e+02