4 0 1 31026.87 0 50 0.01 1.0 1.05 0.2
4 0 3 31026.87 240 50 0.01 1.0 1.05 0.2
4 0 5 31026.87 120 50 0.01 1.0 1.05 0.2
25 1 7 2.5e6 35e3 11.5e3 50 0.1 2 1
2 2 8 0.694e-3 0 0 0 0 0 0
2 4 9 0.694e-3 0 0 0 0 0 0
2 6 10 0.694e-3 0 0 0 0 0 0
27 8 12 0.346 0.5 10.1 100000 0 0 0
27 9 14 0.346 0.5 10.1 100000 0 0 0
27 10 16 0.346 0.5 10.1 100000 0 0 0
25 11 17 2.5e6 0.4e3 10e3 50 0.1 2 1
1 11 18 0.26 0 0 0 0 0 0
1 13 19 0.26 0 0 0 0 0 0
1 15 20 0.26 0 0 0 0 0 0
2 18 21 0.431e-3 0 0 0 0 0 0
2 19 22 0.431e-3 0 0 0 0 0 0
2 20 23 0.431e-3 0 0 0 0 0 0
1 21 24 0.26 0 0 0 0 0 0
1 22 25 0.26 0 0 0 0 0 0
1 23 26 0.26 0 0 0 0 0 0
2 24 27 0.31e-3 0 0 0 0 0 0
2 25 28 0.31e-3 0 0 0 0 0 0
2 26 29 0.31e-3 0 0 0 0 0 0
1 21 0 4.84 0 0 0 0 0 0
1 22 0 4.84 0 0 0 0 0 0
1 23 0 4.84 0 0 0 0 0 0
27 27 30 0.01 10.5 10.1 100000 0 0 0
27 28 31 0.01 10.5 10.1 100000 0 0 0
27 29 32 0.01 10.5 10.1 100000 0 0 0
24 30 33 0.01 5e-3 5000e-6 51 2 0 0
26 34 33 1000 8 29 96 91 0 0
1 27 35 7.26 0 0 0 0 0 0
1 28 36 7.26 0 0 0 0 0 0
1 29 37 7.26 0 0 0 0 0 0
2 35 0 23.1e-3 0 0 0 0 0 0
2 36 0 23.1e-3 0 0 0 0 0 0
2 37 0 23.1e-3 0 0 0 0 0 0
1 11 38 0.26 0 0 0 0 0 0
1 13 39 0.26 0 0 0 0 0 0
1 15 40 0.26 0 0 0 0 0 0
2 38 41 0.431e-3 0 0 0 0 0 0
2 39 42 0.431e-3 0 0 0 0 0 0
2 40 43 0.431e-3 0 0 0 0 0 0
1 41 44 0.26 0 0 0 0 0 0
1 42 45 0.26 0 0 0 0 0 0
1 43 46 0.26 0 0 0 0 0 0
2 44 47 0.31e-3 0 0 0 0 0 0
2 45 48 0.31e-3 0 0 0 0 0 0
2 46 49 0.31e-3 0 0 0 0 0 0
1 41 0 1.21 0 0 0 0 0 0
1 42 0 1.21 0 0 0 0 0 0
1 43 0 1.21 0 0 0 0 0 0
27 47 50 0.01 10.5 10.1 100000 0 0 0
27 48 51 0.01 10.5 10.1 100000 0 0 0
27 49 52 0.01 10.5 10.1 100000 0 0 0
24 50 53 0.01 5e-3 5000e-6 154 2 0 0
26 54 53 1000 24 49 199 194 0 0
27 47 55 0.01 10.5 10.1 100000 0 0 0
27 48 56 0.01 10.5 10.1 100000 0 0 0
27 49 57 0.01 10.5 10.1 100000 0 0 0
3 55 0 73.1e-6 0 0 0 0 0 0
3 56 0 73.1e-6 0 0 0 0 0 0
3 57 0 73.1e-6 0 0 0 0 0 0
24 55 58 0.01 5e-3 5000e-6 266 2 0 0
28 59 58 0.874999 0 0 0 0 0 0
1 47 60 7.26 0 0 0 0 0 0
1 48 61 7.26 0 0 0 0 0 0
1 49 62 7.26 0 0 0 0 0 0
2 60 0 23.1e-3 0 0 0 0 0 0
2 61 0 23.1e-3 0 0 0 0 0 0
2 62 0 23.1e-3 0 0 0 0 0 0