20 0 1 89.8146239e3 0 50 0.1 1.05 1.1 0.2
20 0 2 89.8146239e3 240 50 0.1 1.05 1.1 0.2
20 0 3 89.8146239e3 120 50 0.1 1.05 1.1 0.2
2 1 4 0.0128 0 0 0 0 0 0
2 1 5 0.0128 0 0 0 0 0 0
2 2 6 0.0128 0 0 0 0 0 0
2 2 7 0.0128 0 0 0 0 0 0
2 3 8 0.0128 0 0 0 0 0 0
2 3 9 0.0128 0 0 0 0 0 0
1 4 10 1.7 0 0 0 0 0 0
1 5 10 1.7 0 0 0 0 0 0
1 6 12 1.7 0 0 0 0 0 0
1 7 12 1.7 0 0 0 0 0 0
1 8 14 1.7 0 0 0 0 0 0
1 9 14 1.7 0 0 0 0 0 0
25 10 16 12e6 121e3 38.5e3 50 0.1 2 1
2 17 44 0.694e-3 0 0 0 0 0 0
2 18 42 0.694e-3 0 0 0 0 0 0
2 19 40 0.694e-3 0 0 0 0 0 0
1 37 17 0.218 0 0 0 0 0 0
1 35 18 0.218 0 0 0 0 0 0
1 33 19 0.218 0 0 0 0 0 0
2 20 11 0.694e-3 0 0 0 0 0 0
2 21 13 0.694e-3 0 0 0 0 0 0
2 22 15 0.694e-3 0 0 0 0 0 0
1 40 20 0.218 0 0 0 0 0 0
1 42 21 0.218 0 0 0 0 0 0
1 44 22 0.218 0 0 0 0 0 0
2 23 11 0.694e-3 0 0 0 0 0 0
2 24 13 0.694e-3 0 0 0 0 0 0
2 25 15 0.694e-3 0 0 0 0 0 0
1 47 23 0.218 0 0 0 0 0 0
1 49 24 0.218 0 0 0 0 0 0
1 51 25 0.218 0 0 0 0 0 0
2 26 47 0.694e-3 0 0 0 0 0 0
2 27 49 0.694e-3 0 0 0 0 0 0
2 28 51 0.694e-3 0 0 0 0 0 0
1 54 26 0.218 0 0 0 0 0 0
1 56 27 0.218 0 0 0 0 0 0
1 58 28 0.218 0 0 0 0 0 0
2 29 54 0.694e-3 0 0 0 0 0 0
2 30 56 0.694e-3 0 0 0 0 0 0
2 31 58 0.694e-3 0 0 0 0 0 0
1 61 29 0.218 0 0 0 0 0 0
1 63 30 0.218 0 0 0 0 0 0
1 65 31 0.218 0 0 0 0 0 0
25 32 38 2.5e6 0.69e3 38.5e3 50 0.1 2 1
25 39 45 2.5e6 0.69e3 38.5e3 50 0.1 2 1
25 46 52 2.5e6 0.69e3 38.5e3 50 0.1 2 1
25 53 59 2.5e6 0.69e3 38.5e3 50 0.1 2 1
25 60 66 2.5e6 0.69e3 38.5e3 50 0.1 2 1
18 67 72 2 13.8 0 0 0 0 0
1 73 70 0.001 0 0 0 0 0 0
1 74 71 0.001 0 0 0 0 0 0
1 75 72 0.001 0 0 0 0 0 0
24 73 76 0.0 0.6e-3 16000e-6 171 2 0 0
24 78 76 0.001 0.6e-3 16000e-6 65 2 0 0
1 32 78 0.001 0 0 0 0 0 0
1 34 79 0.001 0 0 0 0 0 0
1 36 80 0.001 0 0 0 0 0 0
1 32 67 0.001 0 0 0 0 0 0
1 34 68 0.001 0 0 0 0 0 0
1 36 69 0.001 0 0 0 0 0 0
18 81 86 2 14.05 0 0 0 0 0
1 87 84 0.001 0 0 0 0 0 0
1 88 85 0.001 0 0 0 0 0 0
1 89 86 0.001 0 0 0 0 0 0
24 87 90 0.0 0.6e-3 16000e-6 364 2 0 0
24 92 90 0.001 0.6e-3 16000e-6 258 2 0 0
1 39 92 0.001 0 0 0 0 0 0
1 41 93 0.001 0 0 0 0 0 0
1 43 94 0.001 0 0 0 0 0 0
1 39 81 0.001 0 0 0 0 0 0
1 41 82 0.001 0 0 0 0 0 0
1 43 83 0.001 0 0 0 0 0 0
18 95 100 2 14.3 0 0 0 0 0
1 101 98 0.001 0 0 0 0 0 0
1 102 99 0.001 0 0 0 0 0 0
1 103 100 0.001 0 0 0 0 0 0
24 101 104 0.0 0.6e-3 16000e-6 557 2 0 0
24 106 104 0.001 0.6e-3 16000e-6 451 2 0 0
1 46 106 0.001 0 0 0 0 0 0
1 48 107 0.001 0 0 0 0 0 0
1 50 108 0.001 0 0 0 0 0 0
1 46 95 0.001 0 0 0 0 0 0
1 48 96 0.001 0 0 0 0 0 0
1 50 97 0.001 0 0 0 0 0 0
18 109 114 2 14.55 0 0 0 0 0
1 115 112 0.001 0 0 0 0 0 0
1 116 113 0.001 0 0 0 0 0 0
1 117 114 0.001 0 0 0 0 0 0
24 115 118 0.0 0.6e-3 16000e-6 750 2 0 0
24 120 118 0.001 0.6e-3 16000e-6 644 2 0 0
1 53 120 0.001 0 0 0 0 0 0
1 55 121 0.001 0 0 0 0 0 0
1 57 122 0.001 0 0 0 0 0 0
1 53 109 0.001 0 0 0 0 0 0
1 55 110 0.001 0 0 0 0 0 0
1 57 111 0.001 0 0 0 0 0 0
18 123 128 2 14.8 0 0 0 0 0
1 129 126 0.001 0 0 0 0 0 0
1 130 127 0.001 0 0 0 0 0 0
1 131 128 0.001 0 0 0 0 0 0
24 129 132 0.0 0.6e-3 16000e-6 943 2 0 0
24 134 132 0.001 0.6e-3 16000e-6 837 2 0 0
1 60 134 0.001 0 0 0 0 0 0
1 62 135 0.001 0 0 0 0 0 0
1 64 136 0.001 0 0 0 0 0 0
1 60 123 0.001 0 0 0 0 0 0
1 62 124 0.001 0 0 0 0 0 0
1 64 125 0.001 0 0 0 0 0 0