18 1 6 1 0 0 0 0 0 0
20 0 18 571.5476066 0 50 0.001 1.0 1.05 0.2
20 0 19 571.5476066 240 50 0.001 1.0 1.05 0.2
20 0 20 571.5476066 120 50 0.001 1.0 1.05 0.2
1 7 4 0.001 0 0 0 0 0 0
1 8 5 0.001 0 0 0 0 0 0
1 9 6 0.001 0 0 0 0 0 0
24 7 10 0.0 0.6e-3 16000e-6 171 2 0 0
24 12 10 0.001 0.6e-3 16000e-6 65 2 0 0
1 15 12 0.001 0 0 0 0 0 0
1 16 13 0.001 0 0 0 0 0 0
1 17 14 0.001 0 0 0 0 0 0
1 15 1 0.001 0 0 0 0 0 0
1 16 2 0.001 0 0 0 0 0 0
1 17 3 0.001 0 0 0 0 0 0
2 15 21 0.1e-3 0 0 0 0 0 0
2 16 22 0.1e-3 0 0 0 0 0 0
2 17 23 0.1e-3 0 0 0 0 0 0
1 21 18 0.1 0 0 0 0 0 0
1 22 19 0.1 0 0 0 0 0 0
1 23 20 0.1 0 0 0 0 0 0