   2.0000000e+01   0.0000000e+00   1.0000000e+00   8.9814624e+04   0.0000000e+00   5.0000000e+01   1.0000000e-01   1.0500000e+00   1.1000000e+00   0.0000000e+00
   2.0000000e+01   0.0000000e+00   2.0000000e+00   8.9814624e+04   2.4000000e+02   5.0000000e+01   1.0000000e-01   1.0500000e+00   1.1000000e+00   0.0000000e+00
   2.0000000e+01   0.0000000e+00   3.0000000e+00   8.9814624e+04   1.2000000e+02   5.0000000e+01   1.0000000e-01   1.0500000e+00   1.1000000e+00   0.0000000e+00
   2.0000000e+00   1.0000000e+00   4.0000000e+00   1.2800000e-02   0.0000000e+00   0.0000000e+00   0.0000000e+00   0.0000000e+00   0.0000000e+00   0.0000000e+00
   2.0000000e+00   1.0000000e+00   5.0000000e+00   1.2800000e-02   0.0000000e+00   0.0000000e+00   0.0000000e+00   0.0000000e+00   0.0000000e+00   0.0000000e+00
   2.0000000e+00   2.0000000e+00   6.0000000e+00   1.2800000e-02   0.0000000e+00   0.0000000e+00   0.0000000e+00   0.0000000e+00   0.0000000e+00   0.0000000e+00
   2.0000000e+00   2.0000000e+00   7.0000000e+00   1.2800000e-02   0.0000000e+00   0.0000000e+00   0.0000000e+00   0.0000000e+00   0.0000000e+00   0.0000000e+00
   2.0000000e+00   3.0000000e+00   8.0000000e+00   1.2800000e-02   0.0000000e+00   0.0000000e+00   0.0000000e+00   0.0000000e+00   0.0000000e+00   0.0000000e+00
   2.0000000e+00   3.0000000e+00   9.0000000e+00   1.2800000e-02   0.0000000e+00   0.0000000e+00   0.0000000e+00   0.0000000e+00   0.0000000e+00   0.0000000e+00
   1.0000000e+00   4.0000000e+00   1.0000000e+01   1.7000000e+00   0.0000000e+00   0.0000000e+00   0.0000000e+00   0.0000000e+00   0.0000000e+00   0.0000000e+00
   1.0000000e+00   5.0000000e+00   1.0000000e+01   1.7000000e+00   0.0000000e+00   0.0000000e+00   0.0000000e+00   0.0000000e+00   0.0000000e+00   0.0000000e+00
   1.0000000e+00   6.0000000e+00   1.2000000e+01   1.7000000e+00   0.0000000e+00   0.0000000e+00   0.0000000e+00   0.0000000e+00   0.0000000e+00   0.0000000e+00
   1.0000000e+00   7.0000000e+00   1.2000000e+01   1.7000000e+00   0.0000000e+00   0.0000000e+00   0.0000000e+00   0.0000000e+00   0.0000000e+00   0.0000000e+00
   1.0000000e+00   8.0000000e+00   1.4000000e+01   1.7000000e+00   0.0000000e+00   0.0000000e+00   0.0000000e+00   0.0000000e+00   0.0000000e+00   0.0000000e+00
   1.0000000e+00   9.0000000e+00   1.4000000e+01   1.7000000e+00   0.0000000e+00   0.0000000e+00   0.0000000e+00   0.0000000e+00   0.0000000e+00   0.0000000e+00
   2.5000000e+01   1.0000000e+01   1.6000000e+01   2.5000000e+06   1.2100000e+05   3.8500000e+04   5.0000000e+01   1.0000000e-01   2.0000000e+00   1.0000000e+00
   2.0000000e+00   1.7000000e+01   1.1000000e+01   6.9400000e-04   0.0000000e+00   0.0000000e+00   0.0000000e+00   0.0000000e+00   0.0000000e+00   0.0000000e+00
   2.0000000e+00   1.8000000e+01   1.3000000e+01   6.9400000e-04   0.0000000e+00   0.0000000e+00   0.0000000e+00   0.0000000e+00   0.0000000e+00   0.0000000e+00
   2.0000000e+00   1.9000000e+01   1.5000000e+01   6.9400000e-04   0.0000000e+00   0.0000000e+00   0.0000000e+00   0.0000000e+00   0.0000000e+00   0.0000000e+00
   1.0000000e+00   2.1000000e+01   1.7000000e+01   2.1800000e-01   0.0000000e+00   0.0000000e+00   0.0000000e+00   0.0000000e+00   0.0000000e+00   0.0000000e+00
   1.0000000e+00   2.3000000e+01   1.8000000e+01   2.1800000e-01   0.0000000e+00   0.0000000e+00   0.0000000e+00   0.0000000e+00   0.0000000e+00   0.0000000e+00
   1.0000000e+00   2.5000000e+01   1.9000000e+01   2.1800000e-01   0.0000000e+00   0.0000000e+00   0.0000000e+00   0.0000000e+00   0.0000000e+00   0.0000000e+00
   2.5000000e+01   2.0000000e+01   2.6000000e+01   2.5000000e+06   6.9000000e+02   3.8500000e+04   5.0000000e+01   1.0000000e-01   2.0000000e+00   1.0000000e+00
   1.8000000e+01   2.7000000e+01   3.2000000e+01   1.0000000e+00   1.3800000e+01   0.0000000e+00   0.0000000e+00   0.0000000e+00   0.0000000e+00   0.0000000e+00
   1.0000000e+00   3.3000000e+01   3.0000000e+01   1.0000000e-03   0.0000000e+00   0.0000000e+00   0.0000000e+00   0.0000000e+00   0.0000000e+00   0.0000000e+00
   1.0000000e+00   3.4000000e+01   3.1000000e+01   1.0000000e-03   0.0000000e+00   0.0000000e+00   0.0000000e+00   0.0000000e+00   0.0000000e+00   0.0000000e+00
   1.0000000e+00   3.5000000e+01   3.2000000e+01   1.0000000e-03   0.0000000e+00   0.0000000e+00   0.0000000e+00   0.0000000e+00   0.0000000e+00   0.0000000e+00
   2.4000000e+01   3.3000000e+01   3.6000000e+01   0.0000000e+00   6.0000000e-04   1.6000000e-02   1.7100000e+02   2.0000000e+00   0.0000000e+00   0.0000000e+00
   2.4000000e+01   3.8000000e+01   3.6000000e+01   1.0000000e-03   6.0000000e-04   1.6000000e-02   6.5000000e+01   2.0000000e+00   0.0000000e+00   0.0000000e+00
   1.0000000e+00   2.0000000e+01   3.8000000e+01   1.0000000e-03   0.0000000e+00   0.0000000e+00   0.0000000e+00   0.0000000e+00   0.0000000e+00   0.0000000e+00
   1.0000000e+00   2.2000000e+01   3.9000000e+01   1.0000000e-03   0.0000000e+00   0.0000000e+00   0.0000000e+00   0.0000000e+00   0.0000000e+00   0.0000000e+00
   1.0000000e+00   2.4000000e+01   4.0000000e+01   1.0000000e-03   0.0000000e+00   0.0000000e+00   0.0000000e+00   0.0000000e+00   0.0000000e+00   0.0000000e+00
   1.0000000e+00   2.0000000e+01   2.7000000e+01   1.0000000e-03   0.0000000e+00   0.0000000e+00   0.0000000e+00   0.0000000e+00   0.0000000e+00   0.0000000e+00
   1.0000000e+00   2.2000000e+01   2.8000000e+01   1.0000000e-03   0.0000000e+00   0.0000000e+00   0.0000000e+00   0.0000000e+00   0.0000000e+00   0.0000000e+00
   1.0000000e+00   2.4000000e+01   2.9000000e+01   1.0000000e-03   0.0000000e+00   0.0000000e+00   0.0000000e+00   0.0000000e+00   0.0000000e+00   0.0000000e+00