4 8 7 1200 90 0 0.001 0 0 0
22 7 11 0.001 1e6 179 0 0 0 0
7 11 7 0.001 1e6 0 0 0 0 0
22 7 10 0.001 1e6 177 0 0 0 0
7 10 7 0.001 1e6 0 0 0 0 0
22 7 9 0.001 1e6 175 0 0 0 0
7 9 7 0.001 1e6 0 0 0 0 0
22 11 8 0.001 1e6 180 0 0 0 0
7 8 11 0.001 1e6 0 0 0 0 0
22 10 8 0.001 1e6 178 0 0 0 0
7 8 10 0.001 1e6 0 0 0 0 0
22 9 8 0.001 1e6 176 0 0 0 0
7 8 9 0.001 1e6 0 0 0 0 0
18 1 6 0 0 0 0 0 0 0
4 0 12 563.38264084 0 50 1.0 0 0 0
4 0 13 563.38264084 240 50 1.0 0 0 0
4 0 14 563.38264084 120 50 1.0 0 0 0
2 9 15 0.01e-3 0 0 0 0 0 0
2 10 16 0.01e-3 0 0 0 0 0 0
2 11 17 0.01e-3 0 0 0 0 0 0
2 12 1 0.01e-3 0 0 0 0 0 0
2 13 2 0.01e-3 0 0 0 0 0 0
2 14 3 0.01e-3 0 0 0 0 0 0
1 15 4 1 0 0 0 0 0 0
1 16 5 1 0 0 0 0 0 0
1 17 6 1 0 0 0 0 0 0