1.500000000000000e+001	1.000000000000000e+000	3.000000000000000e+001	0.000000000000000e+000	0.000000000000000e+000	0.000000000000000e+000	0.000000000000000e+000	0.000000000000000e+000	0.000000000000000e+000	0.000000000000000e+000
1.000000000000000e+000	1.000000000000000e+000	0.000000000000000e+000  1.000000000000000e+006	0.000000000000000e+000	0.000000000000000e+000	0.000000000000000e+000	0.000000000000000e+000	0.000000000000000e+000	0.000000000000000e+000
1.000000000000000e+000	2.000000000000000e+000	0.000000000000000e+000  1.000000000000000e+006	0.000000000000000e+000	0.000000000000000e+000	0.000000000000000e+000	0.000000000000000e+000	0.000000000000000e+000	0.000000000000000e+000
1.000000000000000e+000	3.000000000000000e+000	0.000000000000000e+000  1.000000000000000e+006	0.000000000000000e+000	0.000000000000000e+000	0.000000000000000e+000	0.000000000000000e+000	0.000000000000000e+000	0.000000000000000e+000
1.000000000000000e+000	4.000000000000000e+000	0.000000000000000e+000  1.000000000000000e+006	0.000000000000000e+000	0.000000000000000e+000	0.000000000000000e+000	0.000000000000000e+000	0.000000000000000e+000	0.000000000000000e+000
1.000000000000000e+000	5.000000000000000e+000	0.000000000000000e+000  1.000000000000000e+006	0.000000000000000e+000	0.000000000000000e+000	0.000000000000000e+000	0.000000000000000e+000	0.000000000000000e+000	0.000000000000000e+000
1.000000000000000e+000	6.000000000000000e+000	0.000000000000000e+000  1.000000000000000e+006	0.000000000000000e+000	0.000000000000000e+000	0.000000000000000e+000	0.000000000000000e+000	0.000000000000000e+000	0.000000000000000e+000
1.000000000000000e+000	7.000000000000000e+000	0.000000000000000e+000  1.000000000000000e+006	0.000000000000000e+000	0.000000000000000e+000	0.000000000000000e+000	0.000000000000000e+000	0.000000000000000e+000	0.000000000000000e+000
1.000000000000000e+000	8.000000000000000e+000	0.000000000000000e+000  1.000000000000000e+006	0.000000000000000e+000	0.000000000000000e+000	0.000000000000000e+000	0.000000000000000e+000	0.000000000000000e+000	0.000000000000000e+000
1.000000000000000e+000	9.000000000000000e+000	0.000000000000000e+000  1.000000000000000e+006	0.000000000000000e+000	0.000000000000000e+000	0.000000000000000e+000	0.000000000000000e+000	0.000000000000000e+000	0.000000000000000e+000
1.000000000000000e+000	1.000000000000000e+001	0.000000000000000e+000  1.000000000000000e+006	0.000000000000000e+000	0.000000000000000e+000	0.000000000000000e+000	0.000000000000000e+000	0.000000000000000e+000	0.000000000000000e+000
1.000000000000000e+000	1.100000000000000e+001	0.000000000000000e+000  1.000000000000000e+006	0.000000000000000e+000	0.000000000000000e+000	0.000000000000000e+000	0.000000000000000e+000	0.000000000000000e+000	0.000000000000000e+000
1.000000000000000e+000	1.200000000000000e+001	0.000000000000000e+000  1.000000000000000e+006	0.000000000000000e+000	0.000000000000000e+000	0.000000000000000e+000	0.000000000000000e+000	0.000000000000000e+000	0.000000000000000e+000
1.000000000000000e+000	1.300000000000000e+001	0.000000000000000e+000  1.000000000000000e+006	0.000000000000000e+000	0.000000000000000e+000	0.000000000000000e+000	0.000000000000000e+000	0.000000000000000e+000	0.000000000000000e+000
1.000000000000000e+000	1.400000000000000e+001	0.000000000000000e+000  1.000000000000000e+006	0.000000000000000e+000	0.000000000000000e+000	0.000000000000000e+000	0.000000000000000e+000	0.000000000000000e+000	0.000000000000000e+000
1.000000000000000e+000	1.500000000000000e+001	0.000000000000000e+000  1.000000000000000e+006	0.000000000000000e+000	0.000000000000000e+000	0.000000000000000e+000	0.000000000000000e+000	0.000000000000000e+000	0.000000000000000e+000
1.000000000000000e+000	1.600000000000000e+001	0.000000000000000e+000  1.000000000000000e+006	0.000000000000000e+000	0.000000000000000e+000	0.000000000000000e+000	0.000000000000000e+000	0.000000000000000e+000	0.000000000000000e+000
1.000000000000000e+000	1.700000000000000e+001	0.000000000000000e+000  1.000000000000000e+006	0.000000000000000e+000	0.000000000000000e+000	0.000000000000000e+000	0.000000000000000e+000	0.000000000000000e+000	0.000000000000000e+000
1.000000000000000e+000	1.800000000000000e+001	0.000000000000000e+000  1.000000000000000e+006	0.000000000000000e+000	0.000000000000000e+000	0.000000000000000e+000	0.000000000000000e+000	0.000000000000000e+000	0.000000000000000e+000
1.000000000000000e+000	1.900000000000000e+001	0.000000000000000e+000  1.000000000000000e+006	0.000000000000000e+000	0.000000000000000e+000	0.000000000000000e+000	0.000000000000000e+000	0.000000000000000e+000	0.000000000000000e+000
1.000000000000000e+000	2.000000000000000e+001	0.000000000000000e+000  1.000000000000000e+006	0.000000000000000e+000	0.000000000000000e+000	0.000000000000000e+000	0.000000000000000e+000	0.000000000000000e+000	0.000000000000000e+000
1.000000000000000e+000	2.100000000000000e+001	0.000000000000000e+000  1.000000000000000e+006	0.000000000000000e+000	0.000000000000000e+000	0.000000000000000e+000	0.000000000000000e+000	0.000000000000000e+000	0.000000000000000e+000
1.000000000000000e+000	2.200000000000000e+001	0.000000000000000e+000  1.000000000000000e+006	0.000000000000000e+000	0.000000000000000e+000	0.000000000000000e+000	0.000000000000000e+000	0.000000000000000e+000	0.000000000000000e+000
1.000000000000000e+000	2.300000000000000e+001	0.000000000000000e+000  1.000000000000000e+006	0.000000000000000e+000	0.000000000000000e+000	0.000000000000000e+000	0.000000000000000e+000	0.000000000000000e+000	0.000000000000000e+000
1.000000000000000e+000	2.400000000000000e+001	0.000000000000000e+000  1.000000000000000e+006	0.000000000000000e+000	0.000000000000000e+000	0.000000000000000e+000	0.000000000000000e+000	0.000000000000000e+000	0.000000000000000e+000
1.000000000000000e+000	2.500000000000000e+001	0.000000000000000e+000  1.000000000000000e+006	0.000000000000000e+000	0.000000000000000e+000	0.000000000000000e+000	0.000000000000000e+000	0.000000000000000e+000	0.000000000000000e+000
1.000000000000000e+000	2.600000000000000e+001	0.000000000000000e+000  1.000000000000000e+006	0.000000000000000e+000	0.000000000000000e+000	0.000000000000000e+000	0.000000000000000e+000	0.000000000000000e+000	0.000000000000000e+000
1.000000000000000e+000	2.700000000000000e+001	0.000000000000000e+000  1.000000000000000e+006	0.000000000000000e+000	0.000000000000000e+000	0.000000000000000e+000	0.000000000000000e+000	0.000000000000000e+000	0.000000000000000e+000
1.000000000000000e+000	2.800000000000000e+001	0.000000000000000e+000  1.000000000000000e+006	0.000000000000000e+000	0.000000000000000e+000	0.000000000000000e+000	0.000000000000000e+000	0.000000000000000e+000	0.000000000000000e+000
1.000000000000000e+000	2.900000000000000e+001	0.000000000000000e+000  1.000000000000000e+006	0.000000000000000e+000	0.000000000000000e+000	0.000000000000000e+000	0.000000000000000e+000	0.000000000000000e+000	0.000000000000000e+000
1.000000000000000e+000	3.000000000000000e+001	0.000000000000000e+000  1.000000000000000e+006	0.000000000000000e+000	0.000000000000000e+000	0.000000000000000e+000	0.000000000000000e+000	0.000000000000000e+000	0.000000000000000e+000
4.0000000000000000e+000  32.000000000000000e+000  31.000000000000000e+000  3.5355339059327380e+006 -0.0000000000000000e+000  2.0000000000000000e+001  0.0000000000000000e+000  0.0000000000000000e+000  0.0000000000000000e+000  0.0000000000000000e+000
4.0000000000000000e+000  34.000000000000000e+000  33.000000000000000e+000  3.5355339059327380e+006 -7.2000000000000000e+001  2.0000000000000000e+001  0.0000000000000000e+000  0.0000000000000000e+000  0.0000000000000000e+000  0.0000000000000000e+000
4.0000000000000000e+000  36.000000000000000e+000  35.000000000000000e+000  3.5355339059327380e+006 -1.4400000000000000e+002  2.0000000000000000e+001  0.0000000000000000e+000  0.0000000000000000e+000  0.0000000000000000e+000  0.0000000000000000e+000
4.0000000000000000e+000  38.000000000000000e+000  37.000000000000000e+000  3.5355339059327380e+006 -2.1600000000000000e+002  2.0000000000000000e+001  0.0000000000000000e+000  0.0000000000000000e+000  0.0000000000000000e+000  0.0000000000000000e+000
4.0000000000000000e+000  4.0000000000000000e+001  39.000000000000000e+000  3.5355339059327380e+006 -2.8800000000000000e+002  2.0000000000000000e+001  0.0000000000000000e+000  0.0000000000000000e+000  0.0000000000000000e+000  0.0000000000000000e+000
4.0000000000000000e+000  4.2000000000000000e+001  4.1000000000000000e+001  3.5355339059327380e+006 -1.2000000000000000e+001  2.0000000000000000e+001  0.0000000000000000e+000  0.0000000000000000e+000  0.0000000000000000e+000  0.0000000000000000e+000
4.0000000000000000e+000  4.4000000000000000e+001  4.3000000000000000e+001  3.5355339059327380e+006 -8.4000000000000000e+001  2.0000000000000000e+001  0.0000000000000000e+000  0.0000000000000000e+000  0.0000000000000000e+000  0.0000000000000000e+000
4.0000000000000000e+000  4.6000000000000000e+001  4.5000000000000000e+001  3.5355339059327380e+006 -1.5600000000000000e+002  2.0000000000000000e+001  0.0000000000000000e+000  0.0000000000000000e+000  0.0000000000000000e+000  0.0000000000000000e+000
4.0000000000000000e+000  4.8000000000000000e+001  4.7000000000000000e+001  3.5355339059327380e+006 -2.2800000000000000e+002  2.0000000000000000e+001  0.0000000000000000e+000  0.0000000000000000e+000  0.0000000000000000e+000  0.0000000000000000e+000
4.0000000000000000e+000  5.0000000000000000e+001  4.9000000000000000e+001  3.5355339059327380e+006 -3.0000000000000000e+002  2.0000000000000000e+001  0.0000000000000000e+000  0.0000000000000000e+000  0.0000000000000000e+000  0.0000000000000000e+000
4.0000000000000000e+000  5.2000000000000000e+001  5.1000000000000000e+001  3.5355339059327380e+006 -2.4000000000000000e+001  2.0000000000000000e+001  0.0000000000000000e+000  0.0000000000000000e+000  0.0000000000000000e+000  0.0000000000000000e+000
4.0000000000000000e+000  5.4000000000000000e+001  5.3000000000000000e+001  3.5355339059327380e+006 -9.6000000000000000e+001  2.0000000000000000e+001  0.0000000000000000e+000  0.0000000000000000e+000  0.0000000000000000e+000  0.0000000000000000e+000
4.0000000000000000e+000  5.6000000000000000e+001  5.5000000000000000e+001  3.5355339059327380e+006 -1.6800000000000000e+002  2.0000000000000000e+001  0.0000000000000000e+000  0.0000000000000000e+000  0.0000000000000000e+000  0.0000000000000000e+000
4.0000000000000000e+000  5.8000000000000000e+001  5.7000000000000000e+001  3.5355339059327380e+006 -2.4000000000000000e+002  2.0000000000000000e+001  0.0000000000000000e+000  0.0000000000000000e+000  0.0000000000000000e+000  0.0000000000000000e+000
4.0000000000000000e+000  6.0000000000000000e+001  5.9000000000000000e+001  3.5355339059327380e+006 -3.1200000000000000e+002  2.0000000000000000e+001  0.0000000000000000e+000  0.0000000000000000e+000  0.0000000000000000e+000  0.0000000000000000e+000
1 32 0 1e6 0 0 0 0 0 0
1 34 0 1e6 0 0 0 0 0 0
1 36 0 1e6 0 0 0 0 0 0
1 38 0 1e6 0 0 0 0 0 0
1 40 0 1e6 0 0 0 0 0 0
1 42 0 1e6 0 0 0 0 0 0
1 44 0 1e6 0 0 0 0 0 0
1 46 0 1e6 0 0 0 0 0 0
1 48 0 1e6 0 0 0 0 0 0
1 50 0 1e6 0 0 0 0 0 0
1 52 0 1e6 0 0 0 0 0 0
1 54 0 1e6 0 0 0 0 0 0
1 56 0 1e6 0 0 0 0 0 0
1 58 0 1e6 0 0 0 0 0 0
1 60 0 1e6 0 0 0 0 0 0
1 31  1 0.001 0 0 0 0 0 0
1 32  2 0.001 0 0 0 0 0 0
1 33  3 0.001 0 0 0 0 0 0
1 34  4 0.001 0 0 0 0 0 0
1 35  5 0.001 0 0 0 0 0 0
1 36  6 0.001 0 0 0 0 0 0
1 37  7 0.001 0 0 0 0 0 0
1 38  8 0.001 0 0 0 0 0 0
1 39  9 0.001 0 0 0 0 0 0
1 40 10 0.001 0 0 0 0 0 0
1 41 11 0.001 0 0 0 0 0 0
1 42 12 0.001 0 0 0 0 0 0
1 43 13 0.001 0 0 0 0 0 0
1 44 14 0.001 0 0 0 0 0 0
1 45 15 0.001 0 0 0 0 0 0
1 46 16 0.001 0 0 0 0 0 0
1 47 17 0.001 0 0 0 0 0 0
1 48 18 0.001 0 0 0 0 0 0
1 49 19 0.001 0 0 0 0 0 0
1 50 20 0.001 0 0 0 0 0 0
1 51 21 0.001 0 0 0 0 0 0
1 52 22 0.001 0 0 0 0 0 0
1 53 23 0.001 0 0 0 0 0 0
1 54 24 0.001 0 0 0 0 0 0
1 55 25 0.001 0 0 0 0 0 0
1 56 26 0.001 0 0 0 0 0 0
1 57 27 0.001 0 0 0 0 0 0
1 58 28 0.001 0 0 0 0 0 0
1 59 29 0.001 0 0 0 0 0 0
1 60 30 0.001 0 0 0 0 0 0