   1.0000000e+00   1.0000000e+00   1.0000000e+00
   1.0000000e+00   2.0000000e+00   2.0000000e+00
   1.0000000e+00   3.0000000e+00   3.0000000e+00
   1.0000000e+00   1.0000000e+00   1.5000000e+01
   1.0000000e+00   2.0000000e+00   1.6000000e+01
   1.0000000e+00   3.0000000e+00   1.7000000e+01
   3.0000000e+00   2.0000000e+00   2.3000000e+01
   3.0000000e+00   3.0000000e+00   2.4000000e+01
   3.0000000e+00   4.0000000e+00   2.5000000e+01
   1.0000000e+00   4.0000000e+00   8.4000000e+01
   1.0000000e+00   5.0000000e+00   8.5000000e+01
   1.0000000e+00   6.0000000e+00   8.6000000e+01
   1.0000000e+00   7.0000000e+00   8.7000000e+01
   1.0000000e+00   8.0000000e+00   8.8000000e+01
   1.0000000e+00   6.0000000e+00   1.0000000e+02
   1.0000000e+00   7.0000000e+00   1.0100000e+02
   1.0000000e+00   8.0000000e+00   1.0200000e+02
   3.0000000e+00   7.0000000e+00   1.0800000e+02
   3.0000000e+00   8.0000000e+00   1.0900000e+02
   3.0000000e+00   9.0000000e+00   1.1000000e+02
   1.0000000e+00   9.0000000e+00   1.6900000e+02
   1.0000000e+00   1.0000000e+01   1.7000000e+02
   1.0000000e+00   1.1000000e+01   1.7100000e+02
   1.0000000e+00   1.2000000e+01   1.7200000e+02
   1.0000000e+00   1.3000000e+01   1.7300000e+02
   1.0000000e+00   1.1000000e+01   1.8500000e+02
   1.0000000e+00   1.2000000e+01   1.8600000e+02
   1.0000000e+00   1.3000000e+01   1.8700000e+02
   3.0000000e+00   1.2000000e+01   1.9300000e+02
   3.0000000e+00   1.3000000e+01   1.9400000e+02
   3.0000000e+00   1.4000000e+01   1.9500000e+02
   1.0000000e+00   1.4000000e+01   2.5400000e+02
   1.0000000e+00   1.5000000e+01   2.5500000e+02
   1.0000000e+00   1.6000000e+01   2.5600000e+02
   1.0000000e+00   1.7000000e+01   2.5700000e+02
   1.0000000e+00   1.8000000e+01   2.5800000e+02
   1.0000000e+00   1.6000000e+01   2.7000000e+02
   1.0000000e+00   1.7000000e+01   2.7100000e+02
   1.0000000e+00   1.8000000e+01   2.7200000e+02
   3.0000000e+00   1.7000000e+01   2.7800000e+02
   3.0000000e+00   1.8000000e+01   2.7900000e+02
   3.0000000e+00   1.9000000e+01   2.8000000e+02
   1.0000000e+00   1.9000000e+01   3.3900000e+02
   1.0000000e+00   2.0000000e+01   3.4000000e+02
   1.0000000e+00   2.1000000e+01   3.4100000e+02
   1.0000000e+00   2.2000000e+01   3.4200000e+02
   1.0000000e+00   2.3000000e+01   3.4300000e+02
   1.0000000e+00   2.1000000e+01   3.5500000e+02
   1.0000000e+00   2.2000000e+01   3.5600000e+02
   1.0000000e+00   2.3000000e+01   3.5700000e+02
   3.0000000e+00   2.2000000e+01   3.6300000e+02
   3.0000000e+00   2.3000000e+01   3.6400000e+02
   3.0000000e+00   2.4000000e+01   3.6500000e+02
   1.0000000e+00   2.4000000e+01   4.2400000e+02
   1.0000000e+00   2.5000000e+01   4.2500000e+02
   1.0000000e+00   2.6000000e+01   4.2600000e+02
   1.0000000e+00   2.7000000e+01   4.2700000e+02
   1.0000000e+00   2.8000000e+01   4.2800000e+02
   1.0000000e+00   2.6000000e+01   4.4000000e+02
   1.0000000e+00   2.7000000e+01   4.4100000e+02
   1.0000000e+00   2.8000000e+01   4.4200000e+02
   3.0000000e+00   2.7000000e+01   4.4800000e+02
   3.0000000e+00   2.8000000e+01   4.4900000e+02
   3.0000000e+00   2.9000000e+01   4.5000000e+02
   1.0000000e+00   2.9000000e+01   5.0900000e+02
   1.0000000e+00   3.0000000e+01   5.1000000e+02
   1.0000000e+00   3.1000000e+01   5.1100000e+02
   1.0000000e+00   3.2000000e+01   5.1200000e+02
   1.0000000e+00   3.3000000e+01   5.1300000e+02
   1.0000000e+00   3.1000000e+01   5.2500000e+02
   1.0000000e+00   3.2000000e+01   5.2600000e+02
   1.0000000e+00   3.3000000e+01   5.2700000e+02
   3.0000000e+00   3.2000000e+01   5.3300000e+02
   3.0000000e+00   3.3000000e+01   5.3400000e+02
   3.0000000e+00   3.4000000e+01   5.3500000e+02
   1.0000000e+00   3.4000000e+01   5.9400000e+02
   1.0000000e+00   3.5000000e+01   5.9500000e+02
   1.0000000e+00   3.6000000e+01   5.9600000e+02
   1.0000000e+00   3.7000000e+01   5.9700000e+02
   1.0000000e+00   3.8000000e+01   5.9800000e+02
   1.0000000e+00   3.6000000e+01   6.1000000e+02
   1.0000000e+00   3.7000000e+01   6.1100000e+02
   1.0000000e+00   3.8000000e+01   6.1200000e+02
   3.0000000e+00   3.7000000e+01   6.1800000e+02
   3.0000000e+00   3.8000000e+01   6.1900000e+02
   3.0000000e+00   3.9000000e+01   6.2000000e+02
   1.0000000e+00   3.9000000e+01   6.7900000e+02
   1.0000000e+00   4.0000000e+01   6.8000000e+02
   1.0000000e+00   4.1000000e+01   6.8100000e+02
   1.0000000e+00   4.2000000e+01   6.8200000e+02
   1.0000000e+00   4.3000000e+01   6.8300000e+02
   1.0000000e+00   4.1000000e+01   6.9500000e+02
   1.0000000e+00   4.2000000e+01   6.9600000e+02
   1.0000000e+00   4.3000000e+01   6.9700000e+02
   3.0000000e+00   4.2000000e+01   7.0300000e+02
   3.0000000e+00   4.3000000e+01   7.0400000e+02
   3.0000000e+00   4.4000000e+01   7.0500000e+02
   1.0000000e+00   4.4000000e+01   7.6400000e+02
   1.0000000e+00   4.5000000e+01   7.6500000e+02
   1.0000000e+00   4.6000000e+01   7.6600000e+02
   1.0000000e+00   4.7000000e+01   7.6700000e+02
   1.0000000e+00   4.8000000e+01   7.6800000e+02
   1.0000000e+00   4.6000000e+01   7.8000000e+02
   1.0000000e+00   4.7000000e+01   7.8100000e+02
   1.0000000e+00   4.8000000e+01   7.8200000e+02
   3.0000000e+00   4.7000000e+01   7.8800000e+02
   3.0000000e+00   4.8000000e+01   7.8900000e+02
   3.0000000e+00   4.9000000e+01   7.9000000e+02
   1.0000000e+00   4.9000000e+01   8.4900000e+02
   1.0000000e+00   5.0000000e+01   8.5000000e+02
   1.0000000e+00   5.1000000e+01   8.5100000e+02
   1.0000000e+00   5.2000000e+01   8.5200000e+02
   1.0000000e+00   5.3000000e+01   8.5300000e+02
   1.0000000e+00   5.1000000e+01   8.6500000e+02
   1.0000000e+00   5.2000000e+01   8.6600000e+02
   1.0000000e+00   5.3000000e+01   8.6700000e+02
   3.0000000e+00   5.2000000e+01   8.7300000e+02
   3.0000000e+00   5.3000000e+01   8.7400000e+02
   3.0000000e+00   5.4000000e+01   8.7500000e+02
   1.0000000e+00   5.4000000e+01   9.3400000e+02
   1.0000000e+00   5.5000000e+01   9.3500000e+02
   1.0000000e+00   5.6000000e+01   9.3600000e+02
   1.0000000e+00   5.7000000e+01   9.3700000e+02
   1.0000000e+00   5.8000000e+01   9.3800000e+02
   1.0000000e+00   5.6000000e+01   9.5000000e+02
   1.0000000e+00   5.7000000e+01   9.5100000e+02
   1.0000000e+00   5.8000000e+01   9.5200000e+02
   3.0000000e+00   5.7000000e+01   9.5800000e+02
   3.0000000e+00   5.8000000e+01   9.5900000e+02
   3.0000000e+00   5.9000000e+01   9.6000000e+02
   1.0000000e+00   5.9000000e+01   1.0190000e+03
   1.0000000e+00   6.0000000e+01   1.0200000e+03
   1.0000000e+00   6.1000000e+01   1.0210000e+03
   1.0000000e+00   6.2000000e+01   1.0220000e+03
   1.0000000e+00   6.3000000e+01   1.0230000e+03
   1.0000000e+00   6.1000000e+01   1.0350000e+03
   1.0000000e+00   6.2000000e+01   1.0360000e+03
   1.0000000e+00   6.3000000e+01   1.0370000e+03
   3.0000000e+00   6.2000000e+01   1.0430000e+03
   3.0000000e+00   6.3000000e+01   1.0440000e+03
   3.0000000e+00   6.4000000e+01   1.0450000e+03
   1.0000000e+00   6.4000000e+01   1.1040000e+03
   1.0000000e+00   6.5000000e+01   1.1050000e+03
   1.0000000e+00   6.6000000e+01   1.1060000e+03
   1.0000000e+00   6.7000000e+01   1.1070000e+03
   1.0000000e+00   6.8000000e+01   1.1080000e+03
   1.0000000e+00   6.6000000e+01   1.1200000e+03
   1.0000000e+00   6.7000000e+01   1.1210000e+03
   1.0000000e+00   6.8000000e+01   1.1220000e+03
   3.0000000e+00   6.7000000e+01   1.1280000e+03
   3.0000000e+00   6.8000000e+01   1.1290000e+03
   3.0000000e+00   6.9000000e+01   1.1300000e+03
   1.0000000e+00   6.9000000e+01   1.1890000e+03
   1.0000000e+00   7.0000000e+01   1.1900000e+03
   1.0000000e+00   7.1000000e+01   1.1910000e+03
   1.0000000e+00   7.2000000e+01   1.1920000e+03
   1.0000000e+00   7.3000000e+01   1.1930000e+03
   1.0000000e+00   7.1000000e+01   1.2050000e+03
   1.0000000e+00   7.2000000e+01   1.2060000e+03
   1.0000000e+00   7.3000000e+01   1.2070000e+03
   3.0000000e+00   7.2000000e+01   1.2130000e+03
   3.0000000e+00   7.3000000e+01   1.2140000e+03
   3.0000000e+00   7.4000000e+01   1.2150000e+03
   1.0000000e+00   7.4000000e+01   1.2740000e+03
   1.0000000e+00   7.5000000e+01   1.2750000e+03
   1.0000000e+00   7.6000000e+01   1.2760000e+03
   1.0000000e+00   7.7000000e+01   1.2770000e+03
   1.0000000e+00   7.8000000e+01   1.2780000e+03
   1.0000000e+00   7.6000000e+01   1.2900000e+03
   1.0000000e+00   7.7000000e+01   1.2910000e+03
   1.0000000e+00   7.8000000e+01   1.2920000e+03
   3.0000000e+00   7.7000000e+01   1.2980000e+03
   3.0000000e+00   7.8000000e+01   1.2990000e+03
   3.0000000e+00   7.9000000e+01   1.3000000e+03
   1.0000000e+00   7.9000000e+01   1.3590000e+03
   1.0000000e+00   8.0000000e+01   1.3600000e+03
   1.0000000e+00   8.1000000e+01   1.3610000e+03
   1.0000000e+00   8.2000000e+01   1.3620000e+03
   1.0000000e+00   8.3000000e+01   1.3630000e+03
   1.0000000e+00   8.1000000e+01   1.3750000e+03
   1.0000000e+00   8.2000000e+01   1.3760000e+03
   1.0000000e+00   8.3000000e+01   1.3770000e+03
   3.0000000e+00   8.2000000e+01   1.3830000e+03
   3.0000000e+00   8.3000000e+01   1.3840000e+03
   3.0000000e+00   8.4000000e+01   1.3850000e+03
   1.0000000e+00   8.4000000e+01   1.4440000e+03
   1.0000000e+00   8.5000000e+01   1.4450000e+03
   1.0000000e+00   8.6000000e+01   1.4460000e+03
   1.0000000e+00   8.7000000e+01   1.4470000e+03
   1.0000000e+00   8.8000000e+01   1.4480000e+03
   1.0000000e+00   8.6000000e+01   1.4600000e+03
   1.0000000e+00   8.7000000e+01   1.4610000e+03
   1.0000000e+00   8.8000000e+01   1.4620000e+03
   3.0000000e+00   8.7000000e+01   1.4680000e+03
   3.0000000e+00   8.8000000e+01   1.4690000e+03
   3.0000000e+00   8.9000000e+01   1.4700000e+03
   1.0000000e+00   8.9000000e+01   1.5290000e+03
   1.0000000e+00   9.0000000e+01   1.5300000e+03
   1.0000000e+00   9.1000000e+01   1.5310000e+03
   1.0000000e+00   9.2000000e+01   1.5320000e+03
   1.0000000e+00   9.3000000e+01   1.5330000e+03
   1.0000000e+00   9.1000000e+01   1.5450000e+03
   1.0000000e+00   9.2000000e+01   1.5460000e+03
   1.0000000e+00   9.3000000e+01   1.5470000e+03
   3.0000000e+00   9.2000000e+01   1.5530000e+03
   3.0000000e+00   9.3000000e+01   1.5540000e+03
   3.0000000e+00   9.4000000e+01   1.5550000e+03
   1.0000000e+00   9.4000000e+01   1.6140000e+03
   1.0000000e+00   9.5000000e+01   1.6150000e+03
   1.0000000e+00   9.6000000e+01   1.6160000e+03
   1.0000000e+00   9.7000000e+01   1.6170000e+03
   1.0000000e+00   9.8000000e+01   1.6180000e+03
   1.0000000e+00   9.6000000e+01   1.6300000e+03
   1.0000000e+00   9.7000000e+01   1.6310000e+03
   1.0000000e+00   9.8000000e+01   1.6320000e+03
   3.0000000e+00   9.7000000e+01   1.6380000e+03
   3.0000000e+00   9.8000000e+01   1.6390000e+03
   3.0000000e+00   9.9000000e+01   1.6400000e+03
   1.0000000e+00   9.9000000e+01   1.6990000e+03
   1.0000000e+00   1.0000000e+02   1.7000000e+03
   1.0000000e+00   1.0100000e+02   1.7010000e+03
   1.0000000e+00   1.0200000e+02   1.7020000e+03
   1.0000000e+00   1.0300000e+02   1.7030000e+03
   1.0000000e+00   1.0100000e+02   1.7150000e+03
   1.0000000e+00   1.0200000e+02   1.7160000e+03
   1.0000000e+00   1.0300000e+02   1.7170000e+03
   3.0000000e+00   1.0200000e+02   1.7230000e+03
   3.0000000e+00   1.0300000e+02   1.7240000e+03
   3.0000000e+00   1.0400000e+02   1.7250000e+03
   1.0000000e+00   1.0400000e+02   1.7840000e+03
   1.0000000e+00   1.0500000e+02   1.7850000e+03
   1.0000000e+00   1.0600000e+02   1.7860000e+03
   1.0000000e+00   1.0700000e+02   1.7870000e+03
   1.0000000e+00   1.0800000e+02   1.7880000e+03
   1.0000000e+00   1.0600000e+02   1.8000000e+03
   1.0000000e+00   1.0700000e+02   1.8010000e+03
   1.0000000e+00   1.0800000e+02   1.8020000e+03
   3.0000000e+00   1.0700000e+02   1.8080000e+03
   3.0000000e+00   1.0800000e+02   1.8090000e+03
   3.0000000e+00   1.0900000e+02   1.8100000e+03
   1.0000000e+00   1.0900000e+02   1.8690000e+03
   1.0000000e+00   1.1000000e+02   1.8700000e+03
   1.0000000e+00   1.1100000e+02   1.8710000e+03
   1.0000000e+00   1.1200000e+02   1.8720000e+03
   1.0000000e+00   1.1300000e+02   1.8730000e+03
   1.0000000e+00   1.1100000e+02   1.8850000e+03
   1.0000000e+00   1.1200000e+02   1.8860000e+03
   1.0000000e+00   1.1300000e+02   1.8870000e+03
   3.0000000e+00   1.1200000e+02   1.8930000e+03
   3.0000000e+00   1.1300000e+02   1.8940000e+03
   3.0000000e+00   1.1400000e+02   1.8950000e+03
   1.0000000e+00   1.1400000e+02   1.9540000e+03
   1.0000000e+00   1.1500000e+02   1.9550000e+03
   1.0000000e+00   1.1600000e+02   1.9560000e+03
   1.0000000e+00   1.1700000e+02   1.9570000e+03
   1.0000000e+00   1.1800000e+02   1.9580000e+03
   1.0000000e+00   1.1600000e+02   1.9700000e+03
   1.0000000e+00   1.1700000e+02   1.9710000e+03
   1.0000000e+00   1.1800000e+02   1.9720000e+03
   3.0000000e+00   1.1700000e+02   1.9780000e+03
   3.0000000e+00   1.1800000e+02   1.9790000e+03
   3.0000000e+00   1.1900000e+02   1.9800000e+03
   1.0000000e+00   1.1900000e+02   2.0390000e+03
   1.0000000e+00   1.2000000e+02   2.0400000e+03
   1.0000000e+00   1.2100000e+02   2.0410000e+03
   1.0000000e+00   1.2200000e+02   2.0420000e+03
   1.0000000e+00   1.2300000e+02   2.0430000e+03
   1.0000000e+00   1.2100000e+02   2.0550000e+03
   1.0000000e+00   1.2200000e+02   2.0560000e+03
   1.0000000e+00   1.2300000e+02   2.0570000e+03
   3.0000000e+00   1.2200000e+02   2.0630000e+03
   3.0000000e+00   1.2300000e+02   2.0640000e+03
   3.0000000e+00   1.2400000e+02   2.0650000e+03
   1.0000000e+00   1.2400000e+02   2.1240000e+03
   1.0000000e+00   1.2500000e+02   2.1250000e+03
   1.0000000e+00   1.2600000e+02   2.1260000e+03
   1.0000000e+00   1.2700000e+02   2.1270000e+03
   1.0000000e+00   1.2800000e+02   2.1280000e+03
   1.0000000e+00   1.2600000e+02   2.1400000e+03
   1.0000000e+00   1.2700000e+02   2.1410000e+03
   1.0000000e+00   1.2800000e+02   2.1420000e+03
   3.0000000e+00   1.2700000e+02   2.1480000e+03
   3.0000000e+00   1.2800000e+02   2.1490000e+03
   3.0000000e+00   1.2900000e+02   2.1500000e+03
   1.0000000e+00   1.2900000e+02   2.2090000e+03
   1.0000000e+00   1.3000000e+02   2.2100000e+03
   1.0000000e+00   1.3100000e+02   2.2110000e+03
   1.0000000e+00   1.3200000e+02   2.2120000e+03
   1.0000000e+00   1.3300000e+02   2.2130000e+03
   1.0000000e+00   1.3100000e+02   2.2250000e+03
   1.0000000e+00   1.3200000e+02   2.2260000e+03
   1.0000000e+00   1.3300000e+02   2.2270000e+03
   3.0000000e+00   1.3200000e+02   2.2330000e+03
   3.0000000e+00   1.3300000e+02   2.2340000e+03
   3.0000000e+00   1.3400000e+02   2.2350000e+03
   1.0000000e+00   1.3400000e+02   2.2940000e+03
   1.0000000e+00   1.3500000e+02   2.2950000e+03
   1.0000000e+00   1.3600000e+02   2.2960000e+03
   1.0000000e+00   1.3700000e+02   2.2970000e+03
   1.0000000e+00   1.3800000e+02   2.2980000e+03
   1.0000000e+00   1.3600000e+02   2.3100000e+03
   1.0000000e+00   1.3700000e+02   2.3110000e+03
   1.0000000e+00   1.3800000e+02   2.3120000e+03
   3.0000000e+00   1.3700000e+02   2.3180000e+03
   3.0000000e+00   1.3800000e+02   2.3190000e+03
   3.0000000e+00   1.3900000e+02   2.3200000e+03
   1.0000000e+00   1.3900000e+02   2.3790000e+03
   1.0000000e+00   1.4000000e+02   2.3800000e+03
   1.0000000e+00   1.4100000e+02   2.3810000e+03
   1.0000000e+00   1.4200000e+02   2.3820000e+03
   1.0000000e+00   1.4300000e+02   2.3830000e+03
   1.0000000e+00   1.4100000e+02   2.3950000e+03
   1.0000000e+00   1.4200000e+02   2.3960000e+03
   1.0000000e+00   1.4300000e+02   2.3970000e+03
   3.0000000e+00   1.4200000e+02   2.4030000e+03
   3.0000000e+00   1.4300000e+02   2.4040000e+03
   3.0000000e+00   1.4400000e+02   2.4050000e+03
   1.0000000e+00   1.4400000e+02   2.4640000e+03
   1.0000000e+00   1.4500000e+02   2.4650000e+03
   1.0000000e+00   1.4600000e+02   2.4660000e+03
   1.0000000e+00   1.4700000e+02   2.4670000e+03
   1.0000000e+00   1.4800000e+02   2.4680000e+03
   1.0000000e+00   1.4600000e+02   2.4800000e+03
   1.0000000e+00   1.4700000e+02   2.4810000e+03
   1.0000000e+00   1.4800000e+02   2.4820000e+03
   3.0000000e+00   1.4700000e+02   2.4880000e+03
   3.0000000e+00   1.4800000e+02   2.4890000e+03
   3.0000000e+00   1.4900000e+02   2.4900000e+03
   1.0000000e+00   1.4900000e+02   2.5490000e+03
   1.0000000e+00   1.5000000e+02   2.5500000e+03