1.500000000000000e+001	1.000000000000000e+000	3.000000000000000e+001	0.000000000000000e+000	0.000000000000000e+000	0.000000000000000e+000	0.000000000000000e+000	0.000000000000000e+000	0.000000000000000e+000	0.000000000000000e+000
1.000000000000000e+000	1.000000000000000e+000	0.000000000000000e+000  1.000000000000000e+006	0.000000000000000e+000	0.000000000000000e+000	0.000000000000000e+000	0.000000000000000e+000	0.000000000000000e+000	0.000000000000000e+000
1.000000000000000e+000	2.000000000000000e+000	0.000000000000000e+000  1.000000000000000e+006	0.000000000000000e+000	0.000000000000000e+000	0.000000000000000e+000	0.000000000000000e+000	0.000000000000000e+000	0.000000000000000e+000
1.000000000000000e+000	3.000000000000000e+000	0.000000000000000e+000  1.000000000000000e+006	0.000000000000000e+000	0.000000000000000e+000	0.000000000000000e+000	0.000000000000000e+000	0.000000000000000e+000	0.000000000000000e+000
1.000000000000000e+000	4.000000000000000e+000	0.000000000000000e+000  1.000000000000000e+006	0.000000000000000e+000	0.000000000000000e+000	0.000000000000000e+000	0.000000000000000e+000	0.000000000000000e+000	0.000000000000000e+000
1.000000000000000e+000	5.000000000000000e+000	0.000000000000000e+000  1.000000000000000e+006	0.000000000000000e+000	0.000000000000000e+000	0.000000000000000e+000	0.000000000000000e+000	0.000000000000000e+000	0.000000000000000e+000
1.000000000000000e+000	6.000000000000000e+000	0.000000000000000e+000  1.000000000000000e+006	0.000000000000000e+000	0.000000000000000e+000	0.000000000000000e+000	0.000000000000000e+000	0.000000000000000e+000	0.000000000000000e+000
1.000000000000000e+000	7.000000000000000e+000	0.000000000000000e+000  1.000000000000000e+006	0.000000000000000e+000	0.000000000000000e+000	0.000000000000000e+000	0.000000000000000e+000	0.000000000000000e+000	0.000000000000000e+000
1.000000000000000e+000	8.000000000000000e+000	0.000000000000000e+000  1.000000000000000e+006	0.000000000000000e+000	0.000000000000000e+000	0.000000000000000e+000	0.000000000000000e+000	0.000000000000000e+000	0.000000000000000e+000
1.000000000000000e+000	9.000000000000000e+000	0.000000000000000e+000  1.000000000000000e+006	0.000000000000000e+000	0.000000000000000e+000	0.000000000000000e+000	0.000000000000000e+000	0.000000000000000e+000	0.000000000000000e+000
1.000000000000000e+000	1.000000000000000e+001	0.000000000000000e+000  1.000000000000000e+006	0.000000000000000e+000	0.000000000000000e+000	0.000000000000000e+000	0.000000000000000e+000	0.000000000000000e+000	0.000000000000000e+000
1.000000000000000e+000	1.100000000000000e+001	0.000000000000000e+000  1.000000000000000e+006	0.000000000000000e+000	0.000000000000000e+000	0.000000000000000e+000	0.000000000000000e+000	0.000000000000000e+000	0.000000000000000e+000
1.000000000000000e+000	1.200000000000000e+001	0.000000000000000e+000  1.000000000000000e+006	0.000000000000000e+000	0.000000000000000e+000	0.000000000000000e+000	0.000000000000000e+000	0.000000000000000e+000	0.000000000000000e+000
1.000000000000000e+000	1.300000000000000e+001	0.000000000000000e+000  1.000000000000000e+006	0.000000000000000e+000	0.000000000000000e+000	0.000000000000000e+000	0.000000000000000e+000	0.000000000000000e+000	0.000000000000000e+000
1.000000000000000e+000	1.400000000000000e+001	0.000000000000000e+000  1.000000000000000e+006	0.000000000000000e+000	0.000000000000000e+000	0.000000000000000e+000	0.000000000000000e+000	0.000000000000000e+000	0.000000000000000e+000
1.000000000000000e+000	1.500000000000000e+001	0.000000000000000e+000  1.000000000000000e+006	0.000000000000000e+000	0.000000000000000e+000	0.000000000000000e+000	0.000000000000000e+000	0.000000000000000e+000	0.000000000000000e+000
1.000000000000000e+000	1.600000000000000e+001	0.000000000000000e+000  1.000000000000000e+006	0.000000000000000e+000	0.000000000000000e+000	0.000000000000000e+000	0.000000000000000e+000	0.000000000000000e+000	0.000000000000000e+000
1.000000000000000e+000	1.700000000000000e+001	0.000000000000000e+000  1.000000000000000e+006	0.000000000000000e+000	0.000000000000000e+000	0.000000000000000e+000	0.000000000000000e+000	0.000000000000000e+000	0.000000000000000e+000
1.000000000000000e+000	1.800000000000000e+001	0.000000000000000e+000  1.000000000000000e+006	0.000000000000000e+000	0.000000000000000e+000	0.000000000000000e+000	0.000000000000000e+000	0.000000000000000e+000	0.000000000000000e+000
1.000000000000000e+000	1.900000000000000e+001	0.000000000000000e+000  1.000000000000000e+006	0.000000000000000e+000	0.000000000000000e+000	0.000000000000000e+000	0.000000000000000e+000	0.000000000000000e+000	0.000000000000000e+000
1.000000000000000e+000	2.000000000000000e+001	0.000000000000000e+000  1.000000000000000e+006	0.000000000000000e+000	0.000000000000000e+000	0.000000000000000e+000	0.000000000000000e+000	0.000000000000000e+000	0.000000000000000e+000
1.000000000000000e+000	2.100000000000000e+001	0.000000000000000e+000  1.000000000000000e+006	0.000000000000000e+000	0.000000000000000e+000	0.000000000000000e+000	0.000000000000000e+000	0.000000000000000e+000	0.000000000000000e+000
1.000000000000000e+000	2.200000000000000e+001	0.000000000000000e+000  1.000000000000000e+006	0.000000000000000e+000	0.000000000000000e+000	0.000000000000000e+000	0.000000000000000e+000	0.000000000000000e+000	0.000000000000000e+000
1.000000000000000e+000	2.300000000000000e+001	0.000000000000000e+000  1.000000000000000e+006	0.000000000000000e+000	0.000000000000000e+000	0.000000000000000e+000	0.000000000000000e+000	0.000000000000000e+000	0.000000000000000e+000
1.000000000000000e+000	2.400000000000000e+001	0.000000000000000e+000  1.000000000000000e+006	0.000000000000000e+000	0.000000000000000e+000	0.000000000000000e+000	0.000000000000000e+000	0.000000000000000e+000	0.000000000000000e+000
1.000000000000000e+000	2.500000000000000e+001	0.000000000000000e+000  1.000000000000000e+006	0.000000000000000e+000	0.000000000000000e+000	0.000000000000000e+000	0.000000000000000e+000	0.000000000000000e+000	0.000000000000000e+000
1.000000000000000e+000	2.600000000000000e+001	0.000000000000000e+000  1.000000000000000e+006	0.000000000000000e+000	0.000000000000000e+000	0.000000000000000e+000	0.000000000000000e+000	0.000000000000000e+000	0.000000000000000e+000
1.000000000000000e+000	2.700000000000000e+001	0.000000000000000e+000  1.000000000000000e+006	0.000000000000000e+000	0.000000000000000e+000	0.000000000000000e+000	0.000000000000000e+000	0.000000000000000e+000	0.000000000000000e+000
1.000000000000000e+000	2.800000000000000e+001	0.000000000000000e+000  1.000000000000000e+006	0.000000000000000e+000	0.000000000000000e+000	0.000000000000000e+000	0.000000000000000e+000	0.000000000000000e+000	0.000000000000000e+000
1.000000000000000e+000	2.900000000000000e+001	0.000000000000000e+000  1.000000000000000e+006	0.000000000000000e+000	0.000000000000000e+000	0.000000000000000e+000	0.000000000000000e+000	0.000000000000000e+000	0.000000000000000e+000
1.000000000000000e+000	3.000000000000000e+001	0.000000000000000e+000  1.000000000000000e+006	0.000000000000000e+000	0.000000000000000e+000	0.000000000000000e+000	0.000000000000000e+000	0.000000000000000e+000	0.000000000000000e+000
1.100000000000000e+001	3.100000000000000e+001	3.200000000000000e+001	1.000000000000000e+000	1.000000000000000e+001	1.000000000000000e+000	1.000000000000000e-002	1.000000000000000e+006	0.000000000000000e+000	0.000000000000000e+000
1 32 0 1e6 0 0 0 0 0 0
1.100000000000000e+001	3.300000000000000e+001	3.400000000000000e+001	1.100000000000000e+001	2.000000000000000e+001	2.000000000000000e+000	1.000000000000000e-002	1.000000000000000e+006	0.000000000000000e+000	0.000000000000000e+000
1 34 0 1e6 0 0 0 0 0 0
1.100000000000000e+001	3.500000000000000e+001	3.600000000000000e+001	2.100000000000000e+001	3.000000000000000e+001	3.000000000000000e+000	1.000000000000000e-002	1.000000000000000e+006	0.000000000000000e+000	0.000000000000000e+000
1 36 0 1e6 0 0 0 0 0 0
12 37 48 0 0 0 0 0 0 0
7.0000 	       37   49	0.01         1e6    0              0         0         0         0
7.0000 	       50   39	0.01         1e6    0              0         0         0         0
7.0000 	       38   49	0.01         1e6    0              0         0         0         0
7.0000 	       50   37	0.01         1e6    0              0         0         0         0
7.0000 	       39   49	0.01         1e6    0              0         0         0         0
7.0000 	       50   38	0.01         1e6    0              0         0         0         0
1.0000         50    0   1e6              0    0              0         0         0         0
3.0000         49   50     0.001   0 0 0 0 0 0
7.0000 	       40   51	0.01         1e6    0              0         0         0         0
7.0000 	       52   42	0.01         1e6    0              0         0         0         0
7.0000 	       41   51	0.01         1e6    0              0         0         0         0
7.0000 	       52   40	0.01         1e6    0              0         0         0         0
7.0000 	       42   51	0.01         1e6    0              0         0         0         0
7.0000 	       52   41	0.01         1e6    0              0         0         0         0
1.0000         52    0   1e6              0    0              0         0         0         0
3.0000         51   52     0.001   0 0 0 0 0 0
7.0000 	       43   53	0.01         1e6    0              0         0         0         0
7.0000 	       54   45	0.01         1e6    0              0         0         0         0
7.0000 	       44   53	0.01         1e6    0              0         0         0         0
7.0000 	       54   43	0.01         1e6    0              0         0         0         0
7.0000 	       45   53	0.01         1e6    0              0         0         0         0
7.0000 	       54   44	0.01         1e6    0              0         0         0         0
1.0000         54    0   1e6              0    0              0         0         0         0
3.0000         53   54     0.001   0 0 0 0 0 0
7.0000 	       46   55	0.01         1e6    0              0         0         0         0
7.0000 	       56   48	0.01         1e6    0              0         0         0         0
7.0000 	       47   55	0.01         1e6    0              0         0         0         0
7.0000 	       56   46	0.01         1e6    0              0         0         0         0
7.0000 	       48   55	0.01         1e6    0              0         0         0         0
7.0000 	       56   47	0.01         1e6    0              0         0         0         0
1.0000         56    0   1e6              0    0              0         0         0         0
3.0000         55   56     0.001   0 0 0 0 0 0
1 50 51 0.001 0 0 0 0 0 0
1 52 53 0.001 0 0 0 0 0 0
1 54 55 0.001 0 0 0 0 0 0
1 49 31 0.001 0 0 0 0 0 0
1 56 36 0.001 0 0 0 0 0 0
1 49 33 0.001 0 0 0 0 0 0
1 49 35 0.001 0 0 0 0 0 0
1 56 32 0.001 0 0 0 0 0 0
1 56 34 0.001 0 0 0 0 0 0