6 1 2 3 0 0 0 0 0 0
6 1 2 3 0 0 0 0 0 0
6 1 2 3 0 0 0 0 0 0
6 1 2 3 0 0 0 0 0 0
7	1	4	0.01	1e6	0	0	0	0	0
7	5	3	0.01	1e6	0	0	0	0	0
7	2	4	0.01	1e6	0	0	0	0	0
7	5	1	0.01	1e6	0	0	0	0	0
7	3	4	0.01	1e6	0	0	0	0	0
7	5	2	0.01	1e6	0	0	0	0	0
1	5	0	1e6	0	0	0	0	0	0
3	4	5	0.001	0	0	0	0	0	0
7	1	6	0.01	1e6	0	0	0	0	0
7	7	3	0.01	1e6	0	0	0	0	0
7	2	6	0.01	1e6	0	0	0	0	0
7	7	1	0.01	1e6	0	0	0	0	0
7	3	6	0.01	1e6	0	0	0	0	0
7	7	2	0.01	1e6	0	0	0	0	0
1	7	0	1e6	0	0	0	0	0	0
3	6	7	0.001	0	0	0	0	0	0
7	1	8	0.01	1e6	0	0	0	0	0
7	9	3	0.01	1e6	0	0	0	0	0
7	2	8	0.01	1e6	0	0	0	0	0
7	9	1	0.01	1e6	0	0	0	0	0
7	3	8	0.01	1e6	0	0	0	0	0
7	9	2	0.01	1e6	0	0	0	0	0
1	9	0	1e6	0	0	0	0	0	0
3	8	9	0.001	0	0	0	0	0	0
7	1	10	0.01	1e6	0	0	0	0	0
7	11	3	0.01	1e6	0	0	0	0	0
7	2	10	0.01	1e6	0	0	0	0	0
7	11	1	0.01	1e6	0	0	0	0	0
7	3	10	0.01	1e6	0	0	0	0	0
7	11	2	0.01	1e6	0	0	0	0	0
1	11	0	1e6	0	0	0	0	0	0
3	10	11	0.001	0	0	0	0	0	0
11	12	13	18	27	1	0.01	1e6	0	0
1	13	0	1e6	0	0	0	0	0	0
11	14	15	28	37	2	0.01	1e6	0	0
1	15	0	1e6	0	0	0	0	0	0
11	16	17	38	47	3	0.01	1e6	0	0
1	17	0	1e6	0	0	0	0	0	0
15	18	47	0	0	0	0	0	0	0
1	18	0	1e6	0	0	0	0	0	0
1	19	0	1e6	0	0	0	0	0	0
1	20	0	1e6	0	0	0	0	0	0
1	21	0	1e6	0	0	0	0	0	0
1	22	0	1e6	0	0	0	0	0	0
1	23	0	1e6	0	0	0	0	0	0
1	24	0	1e6	0	0	0	0	0	0
1	25	0	1e6	0	0	0	0	0	0
1	26	0	1e6	0	0	0	0	0	0
1	27	0	1e6	0	0	0	0	0	0
1	28	0	1e6	0	0	0	0	0	0
1	29	0	1e6	0	0	0	0	0	0
1	30	0	1e6	0	0	0	0	0	0
1	31	0	1e6	0	0	0	0	0	0
1	32	0	1e6	0	0	0	0	0	0
1	33	0	1e6	0	0	0	0	0	0
1	34	0	1e6	0	0	0	0	0	0
1	35	0	1e6	0	0	0	0	0	0
1	36	0	1e6	0	0	0	0	0	0
1	37	0	1e6	0	0	0	0	0	0
1	38	0	1e6	0	0	0	0	0	0
1	39	0	1e6	0	0	0	0	0	0
1	40	0	1e6	0	0	0	0	0	0
1	41	0	1e6	0	0	0	0	0	0
1	42	0	1e6	0	0	0	0	0	0
1	43	0	1e6	0	0	0	0	0	0
1	44	0	1e6	0	0	0	0	0	0
1	45	0	1e6	0	0	0	0	0	0
1	46	0	1e6	0	0	0	0	0	0
1	47	0	1e6	0	0	0	0	0	0
1	5	6	0.001	0	0	0	0	0	0
1	7	8	0.001	0	0	0	0	0	0
1	9	10	0.001	0	0	0	0	0	0
1	4	12	0.001	0	0	0	0	0	0
1	11	17	0.001	0	0	0	0	0	0
1	12	14	0.001	0	0	0	0	0	0
1	14	16	0.001	0	0	0	0	0	0
1	13	15	0.001	0	0	0	0	0	0
1	15	17	0.001	0	0	0	0	0	0
7	1	48	0.01	1e6	0	0	0	0	0
7	49	3	0.01	1e6	0	0	0	0	0
7	2	48	0.01	1e6	0	0	0	0	0
7	49	1	0.01	1e6	0	0	0	0	0
7	3	48	0.01	1e6	0	0	0	0	0
7	49	2	0.01	1e6	0	0	0	0	0
1	49	0	1e6	0	0	0	0	0	0
3	48	49	0.001	0	0	0	0	0	0
7	1	50	0.01	1e6	0	0	0	0	0
7	51	3	0.01	1e6	0	0	0	0	0
7	2	50	0.01	1e6	0	0	0	0	0
7	51	1	0.01	1e6	0	0	0	0	0
7	3	50	0.01	1e6	0	0	0	0	0
7	51	2	0.01	1e6	0	0	0	0	0
1	51	0	1e6	0	0	0	0	0	0
3	50	51	0.001	0	0	0	0	0	0
7	1	52	0.01	1e6	0	0	0	0	0
7	53	3	0.01	1e6	0	0	0	0	0
7	2	52	0.01	1e6	0	0	0	0	0
7	53	1	0.01	1e6	0	0	0	0	0
7	3	52	0.01	1e6	0	0	0	0	0
7	53	2	0.01	1e6	0	0	0	0	0
1	53	0	1e6	0	0	0	0	0	0
3	52	53	0.001	0	0	0	0	0	0
7	1	54	0.01	1e6	0	0	0	0	0
7	55	3	0.01	1e6	0	0	0	0	0
7	2	54	0.01	1e6	0	0	0	0	0
7	55	1	0.01	1e6	0	0	0	0	0
7	3	54	0.01	1e6	0	0	0	0	0
7	55	2	0.01	1e6	0	0	0	0	0
1	55	0	1e6	0	0	0	0	0	0
3	54	55	0.001	0	0	0	0	0	0
11	56	57	62	71	1	0.01	1e6	0	0
1	57	0	1e6	0	0	0	0	0	0
11	58	59	72	81	2	0.01	1e6	0	0
1	59	0	1e6	0	0	0	0	0	0
11	60	61	82	91	3	0.01	1e6	0	0
1	61	0	1e6	0	0	0	0	0	0
15	62	91	0	0	0	0	0	0	0
1	62	0	1e6	0	0	0	0	0	0
1	63	0	1e6	0	0	0	0	0	0
1	64	0	1e6	0	0	0	0	0	0
1	65	0	1e6	0	0	0	0	0	0
1	66	0	1e6	0	0	0	0	0	0
1	67	0	1e6	0	0	0	0	0	0
1	68	0	1e6	0	0	0	0	0	0
1	69	0	1e6	0	0	0	0	0	0
1	70	0	1e6	0	0	0	0	0	0
1	71	0	1e6	0	0	0	0	0	0
1	72	0	1e6	0	0	0	0	0	0
1	73	0	1e6	0	0	0	0	0	0
1	74	0	1e6	0	0	0	0	0	0
1	75	0	1e6	0	0	0	0	0	0
1	76	0	1e6	0	0	0	0	0	0
1	77	0	1e6	0	0	0	0	0	0
1	78	0	1e6	0	0	0	0	0	0
1	79	0	1e6	0	0	0	0	0	0
1	80	0	1e6	0	0	0	0	0	0
1	81	0	1e6	0	0	0	0	0	0
1	82	0	1e6	0	0	0	0	0	0
1	83	0	1e6	0	0	0	0	0	0
1	84	0	1e6	0	0	0	0	0	0
1	85	0	1e6	0	0	0	0	0	0
1	86	0	1e6	0	0	0	0	0	0
1	87	0	1e6	0	0	0	0	0	0
1	88	0	1e6	0	0	0	0	0	0
1	89	0	1e6	0	0	0	0	0	0
1	90	0	1e6	0	0	0	0	0	0
1	91	0	1e6	0	0	0	0	0	0
1	49	50	0.001	0	0	0	0	0	0
1	51	52	0.001	0	0	0	0	0	0
1	53	54	0.001	0	0	0	0	0	0
1	48	56	0.001	0	0	0	0	0	0
1	55	61	0.001	0	0	0	0	0	0
1	56	58	0.001	0	0	0	0	0	0
1	58	60	0.001	0	0	0	0	0	0
1	59	61	0.001	0	0	0	0	0	0
1	61	63	0.001	0	0	0	0	0	0
1	1	92 	1	0	0	0	0	0	0
1	2	93 	1	0	0	0	0	0	0
1	3	94 	1	0	0	0	0	0	0
1	1	95 	1	0	0	0	0	0	0
1	2	96 	1	0	0	0	0	0	0
1	3	97 	1	0	0	0	0	0	0
1	1	98 	1	0	0	0	0	0	0
1	2	99 	1	0	0	0	0	0	0
1	3	100	1	0	0	0	0	0	0
1	1	101	1	0	0	0	0	0	0
1	2	102	1	0	0	0	0	0	0
1	3	103	1	0	0	0	0	0	0
1	1	104	1	0	0	0	0	0	0
1	2	105	1	0	0	0	0	0	0
1	3	106	1	0	0	0	0	0	0
1	1	107	1	0	0	0	0	0	0
1	2	108	1	0	0	0	0	0	0
1	3	109	1	0	0	0	0	0	0
1	1	110	1	0	0	0	0	0	0
1	2	111	1	0	0	0	0	0	0
1	3	112	1	0	0	0	0	0	0
1	1	113	1	0	0	0	0	0	0
1	2	114	1	0	0	0	0	0	0
1	3	115	1	0	0	0	0	0	0
2	92 	0	0.1	0	0	0	0	0	0
2	93 	0	0.1	0	0	0	0	0	0
2	94 	0	0.1	0	0	0	0	0	0
2	95 	0	0.1	0	0	0	0	0	0
2	96 	0	0.1	0	0	0	0	0	0
2	97 	0	0.1	0	0	0	0	0	0
2	98 	0	0.1	0	0	0	0	0	0
2	99 	0	0.1	0	0	0	0	0	0
2	100	0	0.1	0	0	0	0	0	0
2	101	0	0.1	0	0	0	0	0	0
2	102	0	0.1	0	0	0	0	0	0
2	103	0	0.1	0	0	0	0	0	0
2	104	0	0.1	0	0	0	0	0	0
2	105	0	0.1	0	0	0	0	0	0
2	106	0	0.1	0	0	0	0	0	0
2	107	0	0.1	0	0	0	0	0	0
2	108	0	0.1	0	0	0	0	0	0
2	109	0	0.1	0	0	0	0	0	0
2	110	0	0.1	0	0	0	0	0	0
2	111	0	0.1	0	0	0	0	0	0
2	112	0	0.1	0	0	0	0	0	0
2	113	0	0.1	0	0	0	0	0	0
2	114	0	0.1	0	0	0	0	0	0
2	115	0	0.1	0	0	0	0	0	0