3 1 563.38264084 0 0 0 0 0 0 0
3 2 2366.65675631 0 0 0 0 0 0 0
8 3 4 5 6 7 0 0 0 0
12 6 7 8 9 1 0 0 0 0
1 9 10 11 2 0 0 0 0 0
1 11 12 13 2 0 0 0 0 0
10 6 7 11 14 15 0 0 0 0
1 14 1 16 4 0 0 0 0 0
1 15 1 17 4 0 0 0 0 0
7 18 21 -1 0 0 0 0 0 0
7 19 22 -1 0 0 0 0 0 0
7 20 23 -1 0 0 0 0 0 0
8 21 22 23 24 25 0 0 0 0
10 24 25 11 26 27 0 0 0 0
1 26 2 28 4 0 0 0 0 0
1 27 2 29 4 0 0 0 0 0
8 30 31 32 33 34 0 0 0 0
10 33 34 13 35 36 0 0 0 0
1 35 1 37 4 0 0 0 0 0
1 36 1 38 4 0 0 0 0 0
7 37 39 0.3 0 0 0 0 0 0
7 38 40 0.3 0 0 0 0 0 0
8 41 42 43 44 45 0 0 0 0
10 44 45 13 46 47 0 0 0 0
1 46 2 48 4 0 0 0 0 0
1 47 2 49 4 0 0 0 0 0
7 48 50 3.3333333333 0 0 0 0 0 0
7 49 51 3.3333333333 0 0 0 0 0 0
1 6 24 52 3 0 0 0 0 0
1 7 25 53 3 0 0 0 0 0
1 52 53 54 1 0 0 0 0 0
7 54 55 0.75e-6 0 0 0 0 0 0
1 6 25 56 3 0 0 0 0 0
1 7 24 57 3 0 0 0 0 0
1 57 56 58 2 0 0 0 0 0
7 58 59 0.75e-6 0 0 0 0 0 0
1 60 60 61 3 0 0 0 0 0
1 61 60 62 3 0 0 0 0 0
7 62 63 0.6208 0 0 0 0 0 0
1 64 59 65 2 0 0 0 0 0
2 65 66 0.6 0.05 0 0 0 0 0
1 66 50 67 2 0 0 0 0 0
2 67 68 1.355 0.1 0 0 0 0 0
1 63 55 69 2 0 0 0 0 0
2 69 70 0.6 0.05 0 0 0 0 0
1 70 51 71 2 0 0 0 0 0
2 71 72 1.355 0.1 0 0 0 0 0
7 68 73 3.333333333 0 0 0 0 0 0
7 72 74 3.333333333 0 0 0 0 0 0
1 73 1 75 3 0 0 0 0 0
1 74 1 76 3 0 0 0 0 0
7 75 77 2 0 0 0 0 0 0
7 76 78 2 0 0 0 0 0 0
1 77 79 80 4 0 0 0 0 0
1 78 79 81 4 0 0 0 0 0
12 80 81 82 83 1 0 0 0 0
14 82 84 2 0 0 0 0 0 0
12 84 83 85 86 2 0 0 0 0
11 85 86 13 87 88 0 0 0 0
9 87 88 89 90 91 0 0 0 0
5 92 5000 1 -1 0.5 0 0 0 0
13 89 92 93 94 1 0 0 0 0
13 90 92 95 96 1 0 0 0 0
13 91 92 97 98 1 0 0 0 0
3 10 1.570796326794896619 0 0 0 0 0 0 0
3 64 0 0 0 0 0 0 0 0
7 99 79 -1 0 0 0 0 0 0