   1.0000000e+00   4.0000000e+00   8.4000000e+01
   1.0000000e+00   5.0000000e+00   8.5000000e+01
   1.0000000e+00   6.0000000e+00   8.6000000e+01
   3.0000000e+00   1.3000000e+01   9.7000000e+01
   3.0000000e+00   1.4000000e+01   9.8000000e+01
   3.0000000e+00   1.5000000e+01   9.9000000e+01
   1.0000000e+00   7.0000000e+00   1.0900000e+02
   1.0000000e+00   8.0000000e+00   1.1000000e+02
   1.0000000e+00   9.0000000e+00   1.1100000e+02
   3.0000000e+00   5.0000000e+00   1.2400000e+02
   3.0000000e+00   6.0000000e+00   1.2500000e+02
   3.0000000e+00   7.0000000e+00   1.2600000e+02
   1.0000000e+00   1.3000000e+01   1.9200000e+02
   1.0000000e+00   1.4000000e+01   1.9300000e+02
   5.0000000e+00   4.0000000e+00   1.4300000e+02
   4.0000000e+00   4.0000000e+00   1.8100000e+02
   1.0000000e+00   1.5000000e+01   1.0000000e+00
   1.0000000e+00   1.6000000e+01   2.0000000e+00
   1.0000000e+00   1.7000000e+01   3.0000000e+00
   1.0000000e+00   1.5000000e+01   1.5000000e+01
   1.0000000e+00   1.6000000e+01   1.6000000e+01
   1.0000000e+00   1.7000000e+01   1.7000000e+01
   3.0000000e+00   1.0000000e+01   2.3000000e+01
   3.0000000e+00   1.1000000e+01   2.4000000e+01
   3.0000000e+00   1.2000000e+01   2.5000000e+01
   1.0000000e+00   1.8000000e+01   2.7700000e+02
   1.0000000e+00   1.9000000e+01   2.7800000e+02
   1.0000000e+00   2.0000000e+01   2.7900000e+02
   3.0000000e+00   2.5000000e+01   2.9000000e+02
   3.0000000e+00   2.6000000e+01   2.9100000e+02
   3.0000000e+00   2.7000000e+01   2.9200000e+02
   1.0000000e+00   2.1000000e+01   3.0200000e+02
   1.0000000e+00   2.2000000e+01   3.0300000e+02
   1.0000000e+00   2.3000000e+01   3.0400000e+02
   3.0000000e+00   1.7000000e+01   3.1700000e+02
   3.0000000e+00   1.8000000e+01   3.1800000e+02
   3.0000000e+00   1.9000000e+01   3.1900000e+02
   1.0000000e+00   2.7000000e+01   3.8500000e+02
   1.0000000e+00   2.8000000e+01   3.8600000e+02
   5.0000000e+00   1.6000000e+01   3.3600000e+02
   4.0000000e+00   1.6000000e+01   3.7400000e+02
   1.0000000e+00   2.9000000e+01   1.9400000e+02
   1.0000000e+00   3.0000000e+01   1.9500000e+02
   1.0000000e+00   3.1000000e+01   1.9600000e+02
   1.0000000e+00   2.9000000e+01   2.0800000e+02
   1.0000000e+00   3.0000000e+01   2.0900000e+02
   1.0000000e+00   3.1000000e+01   2.1000000e+02
   3.0000000e+00   2.2000000e+01   2.1600000e+02
   3.0000000e+00   2.3000000e+01   2.1700000e+02
   3.0000000e+00   2.4000000e+01   2.1800000e+02
   1.0000000e+00   3.2000000e+01   4.7000000e+02
   1.0000000e+00   3.3000000e+01   4.7100000e+02
   1.0000000e+00   3.4000000e+01   4.7200000e+02
   3.0000000e+00   3.7000000e+01   4.8300000e+02
   3.0000000e+00   3.8000000e+01   4.8400000e+02
   3.0000000e+00   3.9000000e+01   4.8500000e+02
   1.0000000e+00   3.5000000e+01   4.9500000e+02
   1.0000000e+00   3.6000000e+01   4.9600000e+02
   1.0000000e+00   3.7000000e+01   4.9700000e+02
   3.0000000e+00   2.9000000e+01   5.1000000e+02
   3.0000000e+00   3.0000000e+01   5.1100000e+02
   3.0000000e+00   3.1000000e+01   5.1200000e+02
   1.0000000e+00   4.1000000e+01   5.7800000e+02
   1.0000000e+00   4.2000000e+01   5.7900000e+02
   5.0000000e+00   2.8000000e+01   5.2900000e+02
   4.0000000e+00   2.8000000e+01   5.6700000e+02
   1.0000000e+00   4.3000000e+01   3.8700000e+02
   1.0000000e+00   4.4000000e+01   3.8800000e+02
   1.0000000e+00   4.5000000e+01   3.8900000e+02
   1.0000000e+00   4.3000000e+01   4.0100000e+02
   1.0000000e+00   4.4000000e+01   4.0200000e+02
   1.0000000e+00   4.5000000e+01   4.0300000e+02
   3.0000000e+00   3.4000000e+01   4.0900000e+02
   3.0000000e+00   3.5000000e+01   4.1000000e+02
   3.0000000e+00   3.6000000e+01   4.1100000e+02
   1.0000000e+00   4.6000000e+01   6.6300000e+02
   1.0000000e+00   4.7000000e+01   6.6400000e+02
   1.0000000e+00   4.8000000e+01   6.6500000e+02
   3.0000000e+00   4.9000000e+01   6.7600000e+02
   3.0000000e+00   5.0000000e+01   6.7700000e+02
   3.0000000e+00   5.1000000e+01   6.7800000e+02
   1.0000000e+00   4.9000000e+01   6.8800000e+02
   1.0000000e+00   5.0000000e+01   6.8900000e+02
   1.0000000e+00   5.1000000e+01   6.9000000e+02
   3.0000000e+00   4.1000000e+01   7.0300000e+02
   3.0000000e+00   4.2000000e+01   7.0400000e+02
   3.0000000e+00   4.3000000e+01   7.0500000e+02
   1.0000000e+00   5.5000000e+01   7.7100000e+02
   1.0000000e+00   5.6000000e+01   7.7200000e+02
   5.0000000e+00   4.0000000e+01   7.2200000e+02
   4.0000000e+00   4.0000000e+01   7.6000000e+02
   1.0000000e+00   5.7000000e+01   5.8000000e+02
   1.0000000e+00   5.8000000e+01   5.8100000e+02
   1.0000000e+00   5.9000000e+01   5.8200000e+02
   1.0000000e+00   5.7000000e+01   5.9400000e+02
   1.0000000e+00   5.8000000e+01   5.9500000e+02
   1.0000000e+00   5.9000000e+01   5.9600000e+02
   3.0000000e+00   4.6000000e+01   6.0200000e+02
   3.0000000e+00   4.7000000e+01   6.0300000e+02
   3.0000000e+00   4.8000000e+01   6.0400000e+02
   1.0000000e+00   6.0000000e+01   8.5600000e+02
   1.0000000e+00   6.1000000e+01   8.5700000e+02
   1.0000000e+00   6.2000000e+01   8.5800000e+02
   3.0000000e+00   6.1000000e+01   8.6900000e+02
   3.0000000e+00   6.2000000e+01   8.7000000e+02
   3.0000000e+00   6.3000000e+01   8.7100000e+02
   1.0000000e+00   6.3000000e+01   8.8100000e+02
   1.0000000e+00   6.4000000e+01   8.8200000e+02
   1.0000000e+00   6.5000000e+01   8.8300000e+02
   3.0000000e+00   5.3000000e+01   8.9600000e+02
   3.0000000e+00   5.4000000e+01   8.9700000e+02
   3.0000000e+00   5.5000000e+01   8.9800000e+02
   1.0000000e+00   6.9000000e+01   9.6400000e+02
   1.0000000e+00   7.0000000e+01   9.6500000e+02
   5.0000000e+00   5.2000000e+01   9.1500000e+02
   4.0000000e+00   5.2000000e+01   9.5300000e+02
   1.0000000e+00   7.1000000e+01   7.7300000e+02
   1.0000000e+00   7.2000000e+01   7.7400000e+02
   1.0000000e+00   7.3000000e+01   7.7500000e+02
   1.0000000e+00   7.1000000e+01   7.8700000e+02
   1.0000000e+00   7.2000000e+01   7.8800000e+02
   1.0000000e+00   7.3000000e+01   7.8900000e+02
   3.0000000e+00   5.8000000e+01   7.9500000e+02
   3.0000000e+00   5.9000000e+01   7.9600000e+02
   3.0000000e+00   6.0000000e+01   7.9700000e+02
   1.0000000e+00   7.4000000e+01   1.0490000e+03
   1.0000000e+00   7.5000000e+01   1.0500000e+03
   1.0000000e+00   7.6000000e+01   1.0510000e+03
   3.0000000e+00   7.3000000e+01   1.0620000e+03
   3.0000000e+00   7.4000000e+01   1.0630000e+03
   3.0000000e+00   7.5000000e+01   1.0640000e+03
   1.0000000e+00   7.7000000e+01   1.0740000e+03
   1.0000000e+00   7.8000000e+01   1.0750000e+03
   1.0000000e+00   7.9000000e+01   1.0760000e+03
   3.0000000e+00   6.5000000e+01   1.0890000e+03
   3.0000000e+00   6.6000000e+01   1.0900000e+03
   3.0000000e+00   6.7000000e+01   1.0910000e+03
   1.0000000e+00   8.3000000e+01   1.1570000e+03
   1.0000000e+00   8.4000000e+01   1.1580000e+03
   5.0000000e+00   6.4000000e+01   1.1080000e+03
   4.0000000e+00   6.4000000e+01   1.1460000e+03
   1.0000000e+00   8.5000000e+01   9.6600000e+02
   1.0000000e+00   8.6000000e+01   9.6700000e+02
   1.0000000e+00   8.7000000e+01   9.6800000e+02
   1.0000000e+00   8.5000000e+01   9.8000000e+02
   1.0000000e+00   8.6000000e+01   9.8100000e+02
   1.0000000e+00   8.7000000e+01   9.8200000e+02
   3.0000000e+00   7.0000000e+01   9.8800000e+02
   3.0000000e+00   7.1000000e+01   9.8900000e+02
   3.0000000e+00   7.2000000e+01   9.9000000e+02
   1.0000000e+00   8.8000000e+01   1.2420000e+03
   1.0000000e+00   8.9000000e+01   1.2430000e+03
   1.0000000e+00   9.0000000e+01   1.2440000e+03
   3.0000000e+00   8.5000000e+01   1.2550000e+03
   3.0000000e+00   8.6000000e+01   1.2560000e+03
   3.0000000e+00   8.7000000e+01   1.2570000e+03
   1.0000000e+00   9.1000000e+01   1.2670000e+03
   1.0000000e+00   9.2000000e+01   1.2680000e+03
   1.0000000e+00   9.3000000e+01   1.2690000e+03
   3.0000000e+00   7.7000000e+01   1.2820000e+03
   3.0000000e+00   7.8000000e+01   1.2830000e+03
   3.0000000e+00   7.9000000e+01   1.2840000e+03
   1.0000000e+00   9.7000000e+01   1.3500000e+03
   1.0000000e+00   9.8000000e+01   1.3510000e+03
   5.0000000e+00   7.6000000e+01   1.3010000e+03
   4.0000000e+00   7.6000000e+01   1.3390000e+03
   1.0000000e+00   9.9000000e+01   1.1590000e+03
   1.0000000e+00   1.0000000e+02   1.1600000e+03
   1.0000000e+00   1.0100000e+02   1.1610000e+03
   1.0000000e+00   9.9000000e+01   1.1730000e+03
   1.0000000e+00   1.0000000e+02   1.1740000e+03
   1.0000000e+00   1.0100000e+02   1.1750000e+03
   3.0000000e+00   8.2000000e+01   1.1810000e+03
   3.0000000e+00   8.3000000e+01   1.1820000e+03
   3.0000000e+00   8.4000000e+01   1.1830000e+03
   1.0000000e+00   1.0200000e+02   1.4350000e+03
   1.0000000e+00   1.0300000e+02   1.4360000e+03
   1.0000000e+00   1.0400000e+02   1.4370000e+03
   3.0000000e+00   9.7000000e+01   1.4480000e+03
   3.0000000e+00   9.8000000e+01   1.4490000e+03
   3.0000000e+00   9.9000000e+01   1.4500000e+03
   1.0000000e+00   1.0500000e+02   1.4600000e+03
   1.0000000e+00   1.0600000e+02   1.4610000e+03
   1.0000000e+00   1.0700000e+02   1.4620000e+03
   3.0000000e+00   8.9000000e+01   1.4750000e+03
   3.0000000e+00   9.0000000e+01   1.4760000e+03
   3.0000000e+00   9.1000000e+01   1.4770000e+03
   1.0000000e+00   1.1100000e+02   1.5430000e+03
   1.0000000e+00   1.1200000e+02   1.5440000e+03
   5.0000000e+00   8.8000000e+01   1.4940000e+03
   4.0000000e+00   8.8000000e+01   1.5320000e+03
   1.0000000e+00   1.1300000e+02   1.3520000e+03
   1.0000000e+00   1.1400000e+02   1.3530000e+03
   1.0000000e+00   1.1500000e+02   1.3540000e+03
   1.0000000e+00   1.1300000e+02   1.3660000e+03
   1.0000000e+00   1.1400000e+02   1.3670000e+03
   1.0000000e+00   1.1500000e+02   1.3680000e+03
   3.0000000e+00   9.4000000e+01   1.3740000e+03
   3.0000000e+00   9.5000000e+01   1.3750000e+03
   3.0000000e+00   9.6000000e+01   1.3760000e+03
   1.0000000e+00   1.1600000e+02   1.6280000e+03
   1.0000000e+00   1.1700000e+02   1.6290000e+03
   1.0000000e+00   1.1800000e+02   1.6300000e+03
   3.0000000e+00   1.0900000e+02   1.6410000e+03
   3.0000000e+00   1.1000000e+02   1.6420000e+03
   3.0000000e+00   1.1100000e+02   1.6430000e+03
   1.0000000e+00   1.1900000e+02   1.6530000e+03
   1.0000000e+00   1.2000000e+02   1.6540000e+03
   1.0000000e+00   1.2100000e+02   1.6550000e+03
   3.0000000e+00   1.0100000e+02   1.6680000e+03
   3.0000000e+00   1.0200000e+02   1.6690000e+03
   3.0000000e+00   1.0300000e+02   1.6700000e+03
   1.0000000e+00   1.2500000e+02   1.7360000e+03
   1.0000000e+00   1.2600000e+02   1.7370000e+03
   5.0000000e+00   1.0000000e+02   1.6870000e+03
   4.0000000e+00   1.0000000e+02   1.7250000e+03
   1.0000000e+00   1.2700000e+02   1.5450000e+03
   1.0000000e+00   1.2800000e+02   1.5460000e+03
   1.0000000e+00   1.2900000e+02   1.5470000e+03
   1.0000000e+00   1.2700000e+02   1.5590000e+03
   1.0000000e+00   1.2800000e+02   1.5600000e+03
   1.0000000e+00   1.2900000e+02   1.5610000e+03
   3.0000000e+00   1.0600000e+02   1.5670000e+03
   3.0000000e+00   1.0700000e+02   1.5680000e+03
   3.0000000e+00   1.0800000e+02   1.5690000e+03
   1.0000000e+00   1.3000000e+02   1.8210000e+03
   1.0000000e+00   1.3100000e+02   1.8220000e+03
   1.0000000e+00   1.3200000e+02   1.8230000e+03
   3.0000000e+00   1.2100000e+02   1.8340000e+03
   3.0000000e+00   1.2200000e+02   1.8350000e+03
   3.0000000e+00   1.2300000e+02   1.8360000e+03
   1.0000000e+00   1.3300000e+02   1.8460000e+03
   1.0000000e+00   1.3400000e+02   1.8470000e+03
   1.0000000e+00   1.3500000e+02   1.8480000e+03
   3.0000000e+00   1.1300000e+02   1.8610000e+03
   3.0000000e+00   1.1400000e+02   1.8620000e+03
   3.0000000e+00   1.1500000e+02   1.8630000e+03
   1.0000000e+00   1.3900000e+02   1.9290000e+03
   1.0000000e+00   1.4000000e+02   1.9300000e+03
   5.0000000e+00   1.1200000e+02   1.8800000e+03
   4.0000000e+00   1.1200000e+02   1.9180000e+03
   1.0000000e+00   1.4100000e+02   1.7380000e+03
   1.0000000e+00   1.4200000e+02   1.7390000e+03
   1.0000000e+00   1.4300000e+02   1.7400000e+03
   1.0000000e+00   1.4100000e+02   1.7520000e+03
   1.0000000e+00   1.4200000e+02   1.7530000e+03
   1.0000000e+00   1.4300000e+02   1.7540000e+03
   3.0000000e+00   1.1800000e+02   1.7600000e+03
   3.0000000e+00   1.1900000e+02   1.7610000e+03
   3.0000000e+00   1.2000000e+02   1.7620000e+03
   1.0000000e+00   1.4400000e+02   2.0140000e+03
   1.0000000e+00   1.4500000e+02   2.0150000e+03
   1.0000000e+00   1.4600000e+02   2.0160000e+03
   3.0000000e+00   1.3300000e+02   2.0270000e+03
   3.0000000e+00   1.3400000e+02   2.0280000e+03
   3.0000000e+00   1.3500000e+02   2.0290000e+03
   1.0000000e+00   1.4700000e+02   2.0390000e+03
   1.0000000e+00   1.4800000e+02   2.0400000e+03
   1.0000000e+00   1.4900000e+02   2.0410000e+03
   3.0000000e+00   1.2500000e+02   2.0540000e+03
   3.0000000e+00   1.2600000e+02   2.0550000e+03
   3.0000000e+00   1.2700000e+02   2.0560000e+03
   1.0000000e+00   1.5300000e+02   2.1220000e+03
   1.0000000e+00   1.5400000e+02   2.1230000e+03
   5.0000000e+00   1.2400000e+02   2.0730000e+03
   4.0000000e+00   1.2400000e+02   2.1110000e+03
   1.0000000e+00   1.5500000e+02   1.9310000e+03
   1.0000000e+00   1.5600000e+02   1.9320000e+03
   1.0000000e+00   1.5700000e+02   1.9330000e+03
   1.0000000e+00   1.5500000e+02   1.9450000e+03
   1.0000000e+00   1.5600000e+02   1.9460000e+03
   1.0000000e+00   1.5700000e+02   1.9470000e+03
   3.0000000e+00   1.3000000e+02   1.9530000e+03
   3.0000000e+00   1.3100000e+02   1.9540000e+03
   3.0000000e+00   1.3200000e+02   1.9550000e+03
   1.0000000e+00   1.5800000e+02   2.2070000e+03
   1.0000000e+00   1.5900000e+02   2.2080000e+03
   1.0000000e+00   1.6000000e+02   2.2090000e+03
   3.0000000e+00   1.4500000e+02   2.2200000e+03
   3.0000000e+00   1.4600000e+02   2.2210000e+03
   3.0000000e+00   1.4700000e+02   2.2220000e+03
   1.0000000e+00   1.6100000e+02   2.2320000e+03
   1.0000000e+00   1.6200000e+02   2.2330000e+03
   1.0000000e+00   1.6300000e+02   2.2340000e+03
   3.0000000e+00   1.3700000e+02   2.2470000e+03
   3.0000000e+00   1.3800000e+02   2.2480000e+03
   3.0000000e+00   1.3900000e+02   2.2490000e+03
   1.0000000e+00   1.6700000e+02   2.3150000e+03
   1.0000000e+00   1.6800000e+02   2.3160000e+03
   5.0000000e+00   1.3600000e+02   2.2660000e+03
   4.0000000e+00   1.3600000e+02   2.3040000e+03
   1.0000000e+00   1.6900000e+02   2.1240000e+03
   1.0000000e+00   1.7000000e+02   2.1250000e+03
   1.0000000e+00   1.7100000e+02   2.1260000e+03
   1.0000000e+00   1.6900000e+02   2.1380000e+03
   1.0000000e+00   1.7000000e+02   2.1390000e+03
   1.0000000e+00   1.7100000e+02   2.1400000e+03
   3.0000000e+00   1.4200000e+02   2.1460000e+03
   3.0000000e+00   1.4300000e+02   2.1470000e+03
   3.0000000e+00   1.4400000e+02   2.1480000e+03
   1.0000000e+00   1.7200000e+02   2.4000000e+03
   1.0000000e+00   1.7300000e+02   2.4010000e+03
   1.0000000e+00   1.7400000e+02   2.4020000e+03
   3.0000000e+00   1.5700000e+02   2.4130000e+03
   3.0000000e+00   1.5800000e+02   2.4140000e+03
   3.0000000e+00   1.5900000e+02   2.4150000e+03
   1.0000000e+00   1.7500000e+02   2.4250000e+03
   1.0000000e+00   1.7600000e+02   2.4260000e+03
   1.0000000e+00   1.7700000e+02   2.4270000e+03
   3.0000000e+00   1.4900000e+02   2.4400000e+03
   3.0000000e+00   1.5000000e+02   2.4410000e+03
   3.0000000e+00   1.5100000e+02   2.4420000e+03
   1.0000000e+00   1.8100000e+02   2.5080000e+03
   1.0000000e+00   1.8200000e+02   2.5090000e+03
   5.0000000e+00   1.4800000e+02   2.4590000e+03
   4.0000000e+00   1.4800000e+02   2.4970000e+03
   1.0000000e+00   1.8300000e+02   2.3170000e+03
   1.0000000e+00   1.8400000e+02   2.3180000e+03
   1.0000000e+00   1.8500000e+02   2.3190000e+03
   1.0000000e+00   1.8300000e+02   2.3310000e+03
   1.0000000e+00   1.8400000e+02   2.3320000e+03
   1.0000000e+00   1.8500000e+02   2.3330000e+03
   3.0000000e+00   1.5400000e+02   2.3390000e+03
   3.0000000e+00   1.5500000e+02   2.3400000e+03
   3.0000000e+00   1.5600000e+02   2.3410000e+03
   1.0000000e+00   1.8600000e+02   2.5930000e+03
   1.0000000e+00   1.8700000e+02   2.5940000e+03
   1.0000000e+00   1.8800000e+02   2.5950000e+03
   3.0000000e+00   1.6900000e+02   2.6060000e+03
   3.0000000e+00   1.7000000e+02   2.6070000e+03
   3.0000000e+00   1.7100000e+02   2.6080000e+03
   1.0000000e+00   1.8900000e+02   2.6180000e+03
   1.0000000e+00   1.9000000e+02   2.6190000e+03
   1.0000000e+00   1.9100000e+02   2.6200000e+03
   3.0000000e+00   1.6100000e+02   2.6330000e+03
   3.0000000e+00   1.6200000e+02   2.6340000e+03
   3.0000000e+00   1.6300000e+02   2.6350000e+03
   1.0000000e+00   1.9500000e+02   2.7010000e+03
   1.0000000e+00   1.9600000e+02   2.7020000e+03
   5.0000000e+00   1.6000000e+02   2.6520000e+03
   4.0000000e+00   1.6000000e+02   2.6900000e+03
   1.0000000e+00   1.9700000e+02   2.5100000e+03
   1.0000000e+00   1.9800000e+02   2.5110000e+03
   1.0000000e+00   1.9900000e+02   2.5120000e+03
   1.0000000e+00   1.9700000e+02   2.5240000e+03
   1.0000000e+00   1.9800000e+02   2.5250000e+03
   1.0000000e+00   1.9900000e+02   2.5260000e+03
   3.0000000e+00   1.6600000e+02   2.5320000e+03
   3.0000000e+00   1.6700000e+02   2.5330000e+03
   3.0000000e+00   1.6800000e+02   2.5340000e+03
   1.0000000e+00   2.0000000e+02   2.7860000e+03
   1.0000000e+00   2.0100000e+02   2.7870000e+03
   1.0000000e+00   2.0200000e+02   2.7880000e+03
   3.0000000e+00   1.8100000e+02   2.7990000e+03
   3.0000000e+00   1.8200000e+02   2.8000000e+03
   3.0000000e+00   1.8300000e+02   2.8010000e+03
   1.0000000e+00   2.0300000e+02   2.8110000e+03
   1.0000000e+00   2.0400000e+02   2.8120000e+03
   1.0000000e+00   2.0500000e+02   2.8130000e+03
   3.0000000e+00   1.7300000e+02   2.8260000e+03
   3.0000000e+00   1.7400000e+02   2.8270000e+03
   3.0000000e+00   1.7500000e+02   2.8280000e+03
   1.0000000e+00   2.0900000e+02   2.8940000e+03
   1.0000000e+00   2.1000000e+02   2.8950000e+03
   5.0000000e+00   1.7200000e+02   2.8450000e+03
   4.0000000e+00   1.7200000e+02   2.8830000e+03
   1.0000000e+00   2.1100000e+02   2.7030000e+03
   1.0000000e+00   2.1200000e+02   2.7040000e+03
   1.0000000e+00   2.1300000e+02   2.7050000e+03
   1.0000000e+00   2.1100000e+02   2.7170000e+03
   1.0000000e+00   2.1200000e+02   2.7180000e+03
   1.0000000e+00   2.1300000e+02   2.7190000e+03
   3.0000000e+00   1.7800000e+02   2.7250000e+03
   3.0000000e+00   1.7900000e+02   2.7260000e+03
   3.0000000e+00   1.8000000e+02   2.7270000e+03
   1.0000000e+00   2.1400000e+02   2.9790000e+03
   1.0000000e+00   2.1500000e+02   2.9800000e+03
   1.0000000e+00   2.1600000e+02   2.9810000e+03
   3.0000000e+00   1.9300000e+02   2.9920000e+03
   3.0000000e+00   1.9400000e+02   2.9930000e+03
   3.0000000e+00   1.9500000e+02   2.9940000e+03
   1.0000000e+00   2.1700000e+02   3.0040000e+03
   1.0000000e+00   2.1800000e+02   3.0050000e+03
   1.0000000e+00   2.1900000e+02   3.0060000e+03
   3.0000000e+00   1.8500000e+02   3.0190000e+03
   3.0000000e+00   1.8600000e+02   3.0200000e+03
   3.0000000e+00   1.8700000e+02   3.0210000e+03
   1.0000000e+00   2.2300000e+02   3.0870000e+03
   1.0000000e+00   2.2400000e+02   3.0880000e+03
   5.0000000e+00   1.8400000e+02   3.0380000e+03
   4.0000000e+00   1.8400000e+02   3.0760000e+03
   1.0000000e+00   2.2500000e+02   2.8960000e+03
   1.0000000e+00   2.2600000e+02   2.8970000e+03
   1.0000000e+00   2.2700000e+02   2.8980000e+03
   1.0000000e+00   2.2500000e+02   2.9100000e+03
   1.0000000e+00   2.2600000e+02   2.9110000e+03
   1.0000000e+00   2.2700000e+02   2.9120000e+03
   3.0000000e+00   1.9000000e+02   2.9180000e+03
   3.0000000e+00   1.9100000e+02   2.9190000e+03
   3.0000000e+00   1.9200000e+02   2.9200000e+03
   1.0000000e+00   2.2800000e+02   3.1720000e+03
   1.0000000e+00   2.2900000e+02   3.1730000e+03
   1.0000000e+00   2.3000000e+02   3.1740000e+03
   3.0000000e+00   2.0500000e+02   3.1850000e+03
   3.0000000e+00   2.0600000e+02   3.1860000e+03
   3.0000000e+00   2.0700000e+02   3.1870000e+03
   1.0000000e+00   2.3100000e+02   3.1970000e+03
   1.0000000e+00   2.3200000e+02   3.1980000e+03
   1.0000000e+00   2.3300000e+02   3.1990000e+03
   3.0000000e+00   1.9700000e+02   3.2120000e+03
   3.0000000e+00   1.9800000e+02   3.2130000e+03
   3.0000000e+00   1.9900000e+02   3.2140000e+03
   1.0000000e+00   2.3700000e+02   3.2800000e+03
   1.0000000e+00   2.3800000e+02   3.2810000e+03
   5.0000000e+00   1.9600000e+02   3.2310000e+03
   4.0000000e+00   1.9600000e+02   3.2690000e+03
   1.0000000e+00   2.3900000e+02   3.0890000e+03
   1.0000000e+00   2.4000000e+02   3.0900000e+03
   1.0000000e+00   2.4100000e+02   3.0910000e+03
   1.0000000e+00   2.3900000e+02   3.1030000e+03
   1.0000000e+00   2.4000000e+02   3.1040000e+03
   1.0000000e+00   2.4100000e+02   3.1050000e+03
   3.0000000e+00   2.0200000e+02   3.1110000e+03
   3.0000000e+00   2.0300000e+02   3.1120000e+03
   3.0000000e+00   2.0400000e+02   3.1130000e+03
   1.0000000e+00   2.4200000e+02   3.3650000e+03
   1.0000000e+00   2.4300000e+02   3.3660000e+03
   1.0000000e+00   2.4400000e+02   3.3670000e+03
   3.0000000e+00   2.1700000e+02   3.3780000e+03
   3.0000000e+00   2.1800000e+02   3.3790000e+03
   3.0000000e+00   2.1900000e+02   3.3800000e+03
   1.0000000e+00   2.4500000e+02   3.3900000e+03
   1.0000000e+00   2.4600000e+02   3.3910000e+03
   1.0000000e+00   2.4700000e+02   3.3920000e+03
   3.0000000e+00   2.0900000e+02   3.4050000e+03
   3.0000000e+00   2.1000000e+02   3.4060000e+03
   3.0000000e+00   2.1100000e+02   3.4070000e+03
   1.0000000e+00   2.5100000e+02   3.4730000e+03
   1.0000000e+00   2.5200000e+02   3.4740000e+03
   5.0000000e+00   2.0800000e+02   3.4240000e+03
   4.0000000e+00   2.0800000e+02   3.4620000e+03
   1.0000000e+00   2.5300000e+02   3.2820000e+03
   1.0000000e+00   2.5400000e+02   3.2830000e+03
   1.0000000e+00   2.5500000e+02   3.2840000e+03
   1.0000000e+00   2.5300000e+02   3.2960000e+03
   1.0000000e+00   2.5400000e+02   3.2970000e+03
   1.0000000e+00   2.5500000e+02   3.2980000e+03
   3.0000000e+00   2.1400000e+02   3.3040000e+03
   3.0000000e+00   2.1500000e+02   3.3050000e+03
   3.0000000e+00   2.1600000e+02   3.3060000e+03
   1.0000000e+00   2.5600000e+02   3.5580000e+03
   1.0000000e+00   2.5700000e+02   3.5590000e+03
   1.0000000e+00   2.5800000e+02   3.5600000e+03
   3.0000000e+00   2.2900000e+02   3.5710000e+03
   3.0000000e+00   2.3000000e+02   3.5720000e+03
   3.0000000e+00   2.3100000e+02   3.5730000e+03
   1.0000000e+00   2.5900000e+02   3.5830000e+03
   1.0000000e+00   2.6000000e+02   3.5840000e+03
   1.0000000e+00   2.6100000e+02   3.5850000e+03
   3.0000000e+00   2.2100000e+02   3.5980000e+03
   3.0000000e+00   2.2200000e+02   3.5990000e+03
   3.0000000e+00   2.2300000e+02   3.6000000e+03
   1.0000000e+00   2.6500000e+02   3.6660000e+03
   1.0000000e+00   2.6600000e+02   3.6670000e+03
   5.0000000e+00   2.2000000e+02   3.6170000e+03
   4.0000000e+00   2.2000000e+02   3.6550000e+03
   1.0000000e+00   2.6700000e+02   3.4750000e+03
   1.0000000e+00   2.6800000e+02   3.4760000e+03
   1.0000000e+00   2.6900000e+02   3.4770000e+03
   1.0000000e+00   2.6700000e+02   3.4890000e+03
   1.0000000e+00   2.6800000e+02   3.4900000e+03
   1.0000000e+00   2.6900000e+02   3.4910000e+03
   3.0000000e+00   2.2600000e+02   3.4970000e+03
   3.0000000e+00   2.2700000e+02   3.4980000e+03
   3.0000000e+00   2.2800000e+02   3.4990000e+03
   1.0000000e+00   2.7000000e+02   3.7510000e+03
   1.0000000e+00   2.7100000e+02   3.7520000e+03
   1.0000000e+00   2.7200000e+02   3.7530000e+03
   3.0000000e+00   2.4100000e+02   3.7640000e+03
   3.0000000e+00   2.4200000e+02   3.7650000e+03
   3.0000000e+00   2.4300000e+02   3.7660000e+03
   1.0000000e+00   2.7300000e+02   3.7760000e+03
   1.0000000e+00   2.7400000e+02   3.7770000e+03
   1.0000000e+00   2.7500000e+02   3.7780000e+03
   3.0000000e+00   2.3300000e+02   3.7910000e+03
   3.0000000e+00   2.3400000e+02   3.7920000e+03
   3.0000000e+00   2.3500000e+02   3.7930000e+03
   1.0000000e+00   2.7900000e+02   3.8590000e+03
   1.0000000e+00   2.8000000e+02   3.8600000e+03
   5.0000000e+00   2.3200000e+02   3.8100000e+03
   4.0000000e+00   2.3200000e+02   3.8480000e+03
   1.0000000e+00   2.8100000e+02   3.6680000e+03
   1.0000000e+00   2.8200000e+02   3.6690000e+03
   1.0000000e+00   2.8300000e+02   3.6700000e+03
   1.0000000e+00   2.8100000e+02   3.6820000e+03
   1.0000000e+00   2.8200000e+02   3.6830000e+03
   1.0000000e+00   2.8300000e+02   3.6840000e+03
   3.0000000e+00   2.3800000e+02   3.6900000e+03
   3.0000000e+00   2.3900000e+02   3.6910000e+03
   3.0000000e+00   2.4000000e+02   3.6920000e+03
   1.0000000e+00   2.8400000e+02   3.9440000e+03
   1.0000000e+00   2.8500000e+02   3.9450000e+03
   1.0000000e+00   2.8600000e+02   3.9460000e+03
   3.0000000e+00   2.5300000e+02   3.9570000e+03
   3.0000000e+00   2.5400000e+02   3.9580000e+03
   3.0000000e+00   2.5500000e+02   3.9590000e+03
   1.0000000e+00   2.8700000e+02   3.9690000e+03
   1.0000000e+00   2.8800000e+02   3.9700000e+03
   1.0000000e+00   2.8900000e+02   3.9710000e+03
   3.0000000e+00   2.4500000e+02   3.9840000e+03
   3.0000000e+00   2.4600000e+02   3.9850000e+03
   3.0000000e+00   2.4700000e+02   3.9860000e+03
   1.0000000e+00   2.9300000e+02   4.0520000e+03
   1.0000000e+00   2.9400000e+02   4.0530000e+03
   5.0000000e+00   2.4400000e+02   4.0030000e+03
   4.0000000e+00   2.4400000e+02   4.0410000e+03
   1.0000000e+00   2.9500000e+02   3.8610000e+03
   1.0000000e+00   2.9600000e+02   3.8620000e+03
   1.0000000e+00   2.9700000e+02   3.8630000e+03
   1.0000000e+00   2.9500000e+02   3.8750000e+03
   1.0000000e+00   2.9600000e+02   3.8760000e+03
   1.0000000e+00   2.9700000e+02   3.8770000e+03
   3.0000000e+00   2.5000000e+02   3.8830000e+03
   3.0000000e+00   2.5100000e+02   3.8840000e+03
   3.0000000e+00   2.5200000e+02   3.8850000e+03
   1.0000000e+00   2.9800000e+02   4.1370000e+03
   1.0000000e+00   2.9900000e+02   4.1380000e+03
   1.0000000e+00   3.0000000e+02   4.1390000e+03
   3.0000000e+00   2.6500000e+02   4.1500000e+03
   3.0000000e+00   2.6600000e+02   4.1510000e+03
   3.0000000e+00   2.6700000e+02   4.1520000e+03
   1.0000000e+00   3.0100000e+02   4.1620000e+03
   1.0000000e+00   3.0200000e+02   4.1630000e+03
   1.0000000e+00   3.0300000e+02   4.1640000e+03
   3.0000000e+00   2.5700000e+02   4.1770000e+03
   3.0000000e+00   2.5800000e+02   4.1780000e+03
   3.0000000e+00   2.5900000e+02   4.1790000e+03
   1.0000000e+00   3.0700000e+02   4.2450000e+03
   1.0000000e+00   3.0800000e+02   4.2460000e+03
   5.0000000e+00   2.5600000e+02   4.1960000e+03
   4.0000000e+00   2.5600000e+02   4.2340000e+03
   1.0000000e+00   3.0900000e+02   4.0540000e+03
   1.0000000e+00   3.1000000e+02   4.0550000e+03
   1.0000000e+00   3.1100000e+02   4.0560000e+03
   1.0000000e+00   3.0900000e+02   4.0680000e+03
   1.0000000e+00   3.1000000e+02   4.0690000e+03
   1.0000000e+00   3.1100000e+02   4.0700000e+03
   3.0000000e+00   2.6200000e+02   4.0760000e+03
   3.0000000e+00   2.6300000e+02   4.0770000e+03
   3.0000000e+00   2.6400000e+02   4.0780000e+03
   1.0000000e+00   3.1200000e+02   4.3300000e+03
   1.0000000e+00   3.1300000e+02   4.3310000e+03
   1.0000000e+00   3.1400000e+02   4.3320000e+03
   3.0000000e+00   2.7700000e+02   4.3430000e+03
   3.0000000e+00   2.7800000e+02   4.3440000e+03
   3.0000000e+00   2.7900000e+02   4.3450000e+03
   1.0000000e+00   3.1500000e+02   4.3550000e+03
   1.0000000e+00   3.1600000e+02   4.3560000e+03
   1.0000000e+00   3.1700000e+02   4.3570000e+03
   3.0000000e+00   2.6900000e+02   4.3700000e+03
   3.0000000e+00   2.7000000e+02   4.3710000e+03
   3.0000000e+00   2.7100000e+02   4.3720000e+03
   1.0000000e+00   3.2100000e+02   4.4380000e+03
   1.0000000e+00   3.2200000e+02   4.4390000e+03
   5.0000000e+00   2.6800000e+02   4.3890000e+03
   4.0000000e+00   2.6800000e+02   4.4270000e+03
   1.0000000e+00   3.2300000e+02   4.2470000e+03
   1.0000000e+00   3.2400000e+02   4.2480000e+03
   1.0000000e+00   3.2500000e+02   4.2490000e+03
   1.0000000e+00   3.2300000e+02   4.2610000e+03
   1.0000000e+00   3.2400000e+02   4.2620000e+03
   1.0000000e+00   3.2500000e+02   4.2630000e+03
   3.0000000e+00   2.7400000e+02   4.2690000e+03
   3.0000000e+00   2.7500000e+02   4.2700000e+03
   3.0000000e+00   2.7600000e+02   4.2710000e+03
   1.0000000e+00   3.2600000e+02   4.5230000e+03
   1.0000000e+00   3.2700000e+02   4.5240000e+03
   1.0000000e+00   3.2800000e+02   4.5250000e+03
   3.0000000e+00   2.8900000e+02   4.5360000e+03
   3.0000000e+00   2.9000000e+02   4.5370000e+03
   3.0000000e+00   2.9100000e+02   4.5380000e+03
   1.0000000e+00   3.2900000e+02   4.5480000e+03
   1.0000000e+00   3.3000000e+02   4.5490000e+03
   1.0000000e+00   3.3100000e+02   4.5500000e+03
   3.0000000e+00   2.8100000e+02   4.5630000e+03
   3.0000000e+00   2.8200000e+02   4.5640000e+03
   3.0000000e+00   2.8300000e+02   4.5650000e+03
   1.0000000e+00   3.3500000e+02   4.6310000e+03
   1.0000000e+00   3.3600000e+02   4.6320000e+03
   5.0000000e+00   2.8000000e+02   4.5820000e+03
   4.0000000e+00   2.8000000e+02   4.6200000e+03
   1.0000000e+00   3.3700000e+02   4.4400000e+03
   1.0000000e+00   3.3800000e+02   4.4410000e+03
   1.0000000e+00   3.3900000e+02   4.4420000e+03
   1.0000000e+00   3.3700000e+02   4.4540000e+03
   1.0000000e+00   3.3800000e+02   4.4550000e+03
   1.0000000e+00   3.3900000e+02   4.4560000e+03
   3.0000000e+00   2.8600000e+02   4.4620000e+03
   3.0000000e+00   2.8700000e+02   4.4630000e+03
   3.0000000e+00   2.8800000e+02   4.4640000e+03
   1.0000000e+00   3.4000000e+02   4.7160000e+03
   1.0000000e+00   3.4100000e+02   4.7170000e+03
   1.0000000e+00   3.4200000e+02   4.7180000e+03
   3.0000000e+00   3.0100000e+02   4.7290000e+03
   3.0000000e+00   3.0200000e+02   4.7300000e+03
   3.0000000e+00   3.0300000e+02   4.7310000e+03
   1.0000000e+00   3.4300000e+02   4.7410000e+03
   1.0000000e+00   3.4400000e+02   4.7420000e+03
   1.0000000e+00   3.4500000e+02   4.7430000e+03
   3.0000000e+00   2.9300000e+02   4.7560000e+03
   3.0000000e+00   2.9400000e+02   4.7570000e+03
   3.0000000e+00   2.9500000e+02   4.7580000e+03
   1.0000000e+00   3.4900000e+02   4.8240000e+03
   1.0000000e+00   3.5000000e+02   4.8250000e+03
   5.0000000e+00   2.9200000e+02   4.7750000e+03
   4.0000000e+00   2.9200000e+02   4.8130000e+03
   1.0000000e+00   3.5100000e+02   4.6330000e+03
   1.0000000e+00   3.5200000e+02   4.6340000e+03
   1.0000000e+00   3.5300000e+02   4.6350000e+03
   1.0000000e+00   3.5100000e+02   4.6470000e+03
   1.0000000e+00   3.5200000e+02   4.6480000e+03
   1.0000000e+00   3.5300000e+02   4.6490000e+03
   3.0000000e+00   2.9800000e+02   4.6550000e+03
   3.0000000e+00   2.9900000e+02   4.6560000e+03
   3.0000000e+00   3.0000000e+02   4.6570000e+03
   1.0000000e+00   3.5400000e+02   4.9090000e+03
   1.0000000e+00   3.5500000e+02   4.9100000e+03
   1.0000000e+00   3.5600000e+02   4.9110000e+03
   3.0000000e+00   3.1300000e+02   4.9220000e+03
   3.0000000e+00   3.1400000e+02   4.9230000e+03
   3.0000000e+00   3.1500000e+02   4.9240000e+03
   1.0000000e+00   3.5700000e+02   4.9340000e+03
   1.0000000e+00   3.5800000e+02   4.9350000e+03
   1.0000000e+00   3.5900000e+02   4.9360000e+03
   3.0000000e+00   3.0500000e+02   4.9490000e+03
   3.0000000e+00   3.0600000e+02   4.9500000e+03
   3.0000000e+00   3.0700000e+02   4.9510000e+03
   1.0000000e+00   3.6300000e+02   5.0170000e+03
   1.0000000e+00   3.6400000e+02   5.0180000e+03
   5.0000000e+00   3.0400000e+02   4.9680000e+03
   4.0000000e+00   3.0400000e+02   5.0060000e+03
   1.0000000e+00   3.6500000e+02   4.8260000e+03
   1.0000000e+00   3.6600000e+02   4.8270000e+03
   1.0000000e+00   3.6700000e+02   4.8280000e+03
   1.0000000e+00   3.6500000e+02   4.8400000e+03
   1.0000000e+00   3.6600000e+02   4.8410000e+03
   1.0000000e+00   3.6700000e+02   4.8420000e+03
   3.0000000e+00   3.1000000e+02   4.8480000e+03
   3.0000000e+00   3.1100000e+02   4.8490000e+03
   3.0000000e+00   3.1200000e+02   4.8500000e+03
   1.0000000e+00   3.6800000e+02   5.1020000e+03
   1.0000000e+00   3.6900000e+02   5.1030000e+03
   1.0000000e+00   3.7000000e+02   5.1040000e+03
   3.0000000e+00   3.2500000e+02   5.1150000e+03
   3.0000000e+00   3.2600000e+02   5.1160000e+03
   3.0000000e+00   3.2700000e+02   5.1170000e+03
   1.0000000e+00   3.7100000e+02   5.1270000e+03
   1.0000000e+00   3.7200000e+02   5.1280000e+03
   1.0000000e+00   3.7300000e+02   5.1290000e+03
   3.0000000e+00   3.1700000e+02   5.1420000e+03
   3.0000000e+00   3.1800000e+02   5.1430000e+03
   3.0000000e+00   3.1900000e+02   5.1440000e+03
   1.0000000e+00   3.7700000e+02   5.2100000e+03
   1.0000000e+00   3.7800000e+02   5.2110000e+03
   5.0000000e+00   3.1600000e+02   5.1610000e+03
   4.0000000e+00   3.1600000e+02   5.1990000e+03
   1.0000000e+00   3.7900000e+02   5.0190000e+03
   1.0000000e+00   3.8000000e+02   5.0200000e+03
   1.0000000e+00   3.8100000e+02   5.0210000e+03
   1.0000000e+00   3.7900000e+02   5.0330000e+03
   1.0000000e+00   3.8000000e+02   5.0340000e+03
   1.0000000e+00   3.8100000e+02   5.0350000e+03
   3.0000000e+00   3.2200000e+02   5.0410000e+03
   3.0000000e+00   3.2300000e+02   5.0420000e+03
   3.0000000e+00   3.2400000e+02   5.0430000e+03
   1.0000000e+00   3.8200000e+02   5.2950000e+03
   1.0000000e+00   3.8300000e+02   5.2960000e+03
   1.0000000e+00   3.8400000e+02   5.2970000e+03
   3.0000000e+00   3.3700000e+02   5.3080000e+03
   3.0000000e+00   3.3800000e+02   5.3090000e+03
   3.0000000e+00   3.3900000e+02   5.3100000e+03
   1.0000000e+00   3.8500000e+02   5.3200000e+03
   1.0000000e+00   3.8600000e+02   5.3210000e+03
   1.0000000e+00   3.8700000e+02   5.3220000e+03
   3.0000000e+00   3.2900000e+02   5.3350000e+03
   3.0000000e+00   3.3000000e+02   5.3360000e+03
   3.0000000e+00   3.3100000e+02   5.3370000e+03
   1.0000000e+00   3.9100000e+02   5.4030000e+03
   1.0000000e+00   3.9200000e+02   5.4040000e+03
   5.0000000e+00   3.2800000e+02   5.3540000e+03
   4.0000000e+00   3.2800000e+02   5.3920000e+03
   1.0000000e+00   3.9300000e+02   5.2120000e+03
   1.0000000e+00   3.9400000e+02   5.2130000e+03
   1.0000000e+00   3.9500000e+02   5.2140000e+03
   1.0000000e+00   3.9300000e+02   5.2260000e+03
   1.0000000e+00   3.9400000e+02   5.2270000e+03
   1.0000000e+00   3.9500000e+02   5.2280000e+03
   3.0000000e+00   3.3400000e+02   5.2340000e+03
   3.0000000e+00   3.3500000e+02   5.2350000e+03
   3.0000000e+00   3.3600000e+02   5.2360000e+03
   1.0000000e+00   3.9600000e+02   5.4880000e+03
   1.0000000e+00   3.9700000e+02   5.4890000e+03
   1.0000000e+00   3.9800000e+02   5.4900000e+03
   3.0000000e+00   3.4900000e+02   5.5010000e+03
   3.0000000e+00   3.5000000e+02   5.5020000e+03
   3.0000000e+00   3.5100000e+02   5.5030000e+03
   1.0000000e+00   3.9900000e+02   5.5130000e+03
   1.0000000e+00   4.0000000e+02   5.5140000e+03
   1.0000000e+00   4.0100000e+02   5.5150000e+03
   3.0000000e+00   3.4100000e+02   5.5280000e+03
   3.0000000e+00   3.4200000e+02   5.5290000e+03
   3.0000000e+00   3.4300000e+02   5.5300000e+03
   1.0000000e+00   4.0500000e+02   5.5960000e+03
   1.0000000e+00   4.0600000e+02   5.5970000e+03
   5.0000000e+00   3.4000000e+02   5.5470000e+03
   4.0000000e+00   3.4000000e+02   5.5850000e+03
   1.0000000e+00   4.0700000e+02   5.4050000e+03
   1.0000000e+00   4.0800000e+02   5.4060000e+03
   1.0000000e+00   4.0900000e+02   5.4070000e+03
   1.0000000e+00   4.0700000e+02   5.4190000e+03
   1.0000000e+00   4.0800000e+02   5.4200000e+03
   1.0000000e+00   4.0900000e+02   5.4210000e+03
   3.0000000e+00   3.4600000e+02   5.4270000e+03
   3.0000000e+00   3.4700000e+02   5.4280000e+03
   3.0000000e+00   3.4800000e+02   5.4290000e+03
   1.0000000e+00   4.1000000e+02   5.6810000e+03
   1.0000000e+00   4.1100000e+02   5.6820000e+03
   1.0000000e+00   4.1200000e+02   5.6830000e+03
   3.0000000e+00   3.6100000e+02   5.6940000e+03
   3.0000000e+00   3.6200000e+02   5.6950000e+03
   3.0000000e+00   3.6300000e+02   5.6960000e+03
   1.0000000e+00   4.1300000e+02   5.7060000e+03
   1.0000000e+00   4.1400000e+02   5.7070000e+03
   1.0000000e+00   4.1500000e+02   5.7080000e+03
   3.0000000e+00   3.5300000e+02   5.7210000e+03
   3.0000000e+00   3.5400000e+02   5.7220000e+03
   3.0000000e+00   3.5500000e+02   5.7230000e+03
   1.0000000e+00   4.1900000e+02   5.7890000e+03
   1.0000000e+00   4.2000000e+02   5.7900000e+03
   5.0000000e+00   3.5200000e+02   5.7400000e+03
   4.0000000e+00   3.5200000e+02   5.7780000e+03
   1.0000000e+00   4.2100000e+02   5.5980000e+03
   1.0000000e+00   4.2200000e+02   5.5990000e+03
   1.0000000e+00   4.2300000e+02   5.6000000e+03
   1.0000000e+00   4.2100000e+02   5.6120000e+03
   1.0000000e+00   4.2200000e+02   5.6130000e+03
   1.0000000e+00   4.2300000e+02   5.6140000e+03
   3.0000000e+00   3.5800000e+02   5.6200000e+03
   3.0000000e+00   3.5900000e+02   5.6210000e+03
   3.0000000e+00   3.6000000e+02   5.6220000e+03
   1.0000000e+00   4.2400000e+02   5.8740000e+03
   1.0000000e+00   4.2500000e+02   5.8750000e+03
   1.0000000e+00   4.2600000e+02   5.8760000e+03
   3.0000000e+00   3.7300000e+02   5.8870000e+03
   3.0000000e+00   3.7400000e+02   5.8880000e+03
   3.0000000e+00   3.7500000e+02   5.8890000e+03
   1.0000000e+00   4.2700000e+02   5.8990000e+03
   1.0000000e+00   4.2800000e+02   5.9000000e+03
   1.0000000e+00   4.2900000e+02   5.9010000e+03
   3.0000000e+00   3.6500000e+02   5.9140000e+03
   3.0000000e+00   3.6600000e+02   5.9150000e+03
   3.0000000e+00   3.6700000e+02   5.9160000e+03
   1.0000000e+00   4.3300000e+02   5.9820000e+03
   1.0000000e+00   4.3400000e+02   5.9830000e+03
   5.0000000e+00   3.6400000e+02   5.9330000e+03
   4.0000000e+00   3.6400000e+02   5.9710000e+03
   1.0000000e+00   4.3500000e+02   5.7910000e+03
   1.0000000e+00   4.3600000e+02   5.7920000e+03
   1.0000000e+00   4.3700000e+02   5.7930000e+03
   1.0000000e+00   4.3500000e+02   5.8050000e+03
   1.0000000e+00   4.3600000e+02   5.8060000e+03
   1.0000000e+00   4.3700000e+02   5.8070000e+03
   3.0000000e+00   3.7000000e+02   5.8130000e+03
   3.0000000e+00   3.7100000e+02   5.8140000e+03
   3.0000000e+00   3.7200000e+02   5.8150000e+03
   1.0000000e+00   4.3800000e+02   6.0670000e+03
   1.0000000e+00   4.3900000e+02   6.0680000e+03
   1.0000000e+00   4.4000000e+02   6.0690000e+03
   3.0000000e+00   3.8500000e+02   6.0800000e+03
   3.0000000e+00   3.8600000e+02   6.0810000e+03
   3.0000000e+00   3.8700000e+02   6.0820000e+03
   1.0000000e+00   4.4100000e+02   6.0920000e+03
   1.0000000e+00   4.4200000e+02   6.0930000e+03
   1.0000000e+00   4.4300000e+02   6.0940000e+03
   3.0000000e+00   3.7700000e+02   6.1070000e+03
   3.0000000e+00   3.7800000e+02   6.1080000e+03
   3.0000000e+00   3.7900000e+02   6.1090000e+03
   1.0000000e+00   4.4700000e+02   6.1750000e+03
   1.0000000e+00   4.4800000e+02   6.1760000e+03
   5.0000000e+00   3.7600000e+02   6.1260000e+03
   4.0000000e+00   3.7600000e+02   6.1640000e+03
   1.0000000e+00   4.4900000e+02   5.9840000e+03
   1.0000000e+00   4.5000000e+02   5.9850000e+03
   1.0000000e+00   4.5100000e+02   5.9860000e+03
   1.0000000e+00   4.4900000e+02   5.9980000e+03
   1.0000000e+00   4.5000000e+02   5.9990000e+03
   1.0000000e+00   4.5100000e+02   6.0000000e+03
   3.0000000e+00   3.8200000e+02   6.0060000e+03
   3.0000000e+00   3.8300000e+02   6.0070000e+03
   3.0000000e+00   3.8400000e+02   6.0080000e+03
   1.0000000e+00   4.5200000e+02   6.2600000e+03
   1.0000000e+00   4.5300000e+02   6.2610000e+03
   1.0000000e+00   4.5400000e+02   6.2620000e+03
   3.0000000e+00   3.9700000e+02   6.2730000e+03
   3.0000000e+00   3.9800000e+02   6.2740000e+03
   3.0000000e+00   3.9900000e+02   6.2750000e+03
   1.0000000e+00   4.5500000e+02   6.2850000e+03
   1.0000000e+00   4.5600000e+02   6.2860000e+03
   1.0000000e+00   4.5700000e+02   6.2870000e+03
   3.0000000e+00   3.8900000e+02   6.3000000e+03
   3.0000000e+00   3.9000000e+02   6.3010000e+03
   3.0000000e+00   3.9100000e+02   6.3020000e+03
   1.0000000e+00   4.6100000e+02   6.3680000e+03
   1.0000000e+00   4.6200000e+02   6.3690000e+03
   5.0000000e+00   3.8800000e+02   6.3190000e+03
   4.0000000e+00   3.8800000e+02   6.3570000e+03
   1.0000000e+00   4.6300000e+02   6.1770000e+03
   1.0000000e+00   4.6400000e+02   6.1780000e+03
   1.0000000e+00   4.6500000e+02   6.1790000e+03
   1.0000000e+00   4.6300000e+02   6.1910000e+03
   1.0000000e+00   4.6400000e+02   6.1920000e+03
   1.0000000e+00   4.6500000e+02   6.1930000e+03
   3.0000000e+00   3.9400000e+02   6.1990000e+03
   3.0000000e+00   3.9500000e+02   6.2000000e+03
   3.0000000e+00   3.9600000e+02   6.2010000e+03
   1.0000000e+00   4.6600000e+02   6.4530000e+03
   1.0000000e+00   4.6700000e+02   6.4540000e+03
   1.0000000e+00   4.6800000e+02   6.4550000e+03
   3.0000000e+00   4.0900000e+02   6.4660000e+03
   3.0000000e+00   4.1000000e+02   6.4670000e+03
   3.0000000e+00   4.1100000e+02   6.4680000e+03
   1.0000000e+00   4.6900000e+02   6.4780000e+03
   1.0000000e+00   4.7000000e+02   6.4790000e+03
   1.0000000e+00   4.7100000e+02   6.4800000e+03
   3.0000000e+00   4.0100000e+02   6.4930000e+03
   3.0000000e+00   4.0200000e+02   6.4940000e+03
   3.0000000e+00   4.0300000e+02   6.4950000e+03
   1.0000000e+00   4.7500000e+02   6.5610000e+03
   1.0000000e+00   4.7600000e+02   6.5620000e+03
   5.0000000e+00   4.0000000e+02   6.5120000e+03
   4.0000000e+00   4.0000000e+02   6.5500000e+03
   1.0000000e+00   4.7700000e+02   6.3700000e+03
   1.0000000e+00   4.7800000e+02   6.3710000e+03
   1.0000000e+00   4.7900000e+02   6.3720000e+03
   1.0000000e+00   4.7700000e+02   6.3840000e+03
   1.0000000e+00   4.7800000e+02   6.3850000e+03
   1.0000000e+00   4.7900000e+02   6.3860000e+03
   3.0000000e+00   4.0600000e+02   6.3920000e+03
   3.0000000e+00   4.0700000e+02   6.3930000e+03
   3.0000000e+00   4.0800000e+02   6.3940000e+03
   1.0000000e+00   4.8000000e+02   6.6460000e+03
   1.0000000e+00   4.8100000e+02   6.6470000e+03
   1.0000000e+00   4.8200000e+02   6.6480000e+03
   3.0000000e+00   4.2100000e+02   6.6590000e+03
   3.0000000e+00   4.2200000e+02   6.6600000e+03
   3.0000000e+00   4.2300000e+02   6.6610000e+03
   1.0000000e+00   4.8300000e+02   6.6710000e+03
   1.0000000e+00   4.8400000e+02   6.6720000e+03
   1.0000000e+00   4.8500000e+02   6.6730000e+03
   3.0000000e+00   4.1300000e+02   6.6860000e+03
   3.0000000e+00   4.1400000e+02   6.6870000e+03
   3.0000000e+00   4.1500000e+02   6.6880000e+03
   1.0000000e+00   4.8900000e+02   6.7540000e+03
   1.0000000e+00   4.9000000e+02   6.7550000e+03
   5.0000000e+00   4.1200000e+02   6.7050000e+03
   4.0000000e+00   4.1200000e+02   6.7430000e+03
   1.0000000e+00   4.9100000e+02   6.5630000e+03
   1.0000000e+00   4.9200000e+02   6.5640000e+03
   1.0000000e+00   4.9300000e+02   6.5650000e+03
   1.0000000e+00   4.9100000e+02   6.5770000e+03
   1.0000000e+00   4.9200000e+02   6.5780000e+03
   1.0000000e+00   4.9300000e+02   6.5790000e+03
   3.0000000e+00   4.1800000e+02   6.5850000e+03
   3.0000000e+00   4.1900000e+02   6.5860000e+03
   3.0000000e+00   4.2000000e+02   6.5870000e+03
   1.0000000e+00   4.9400000e+02   6.8390000e+03
   1.0000000e+00   4.9500000e+02   6.8400000e+03
   1.0000000e+00   4.9600000e+02   6.8410000e+03
   3.0000000e+00   4.3300000e+02   6.8520000e+03
   3.0000000e+00   4.3400000e+02   6.8530000e+03
   3.0000000e+00   4.3500000e+02   6.8540000e+03
   1.0000000e+00   4.9700000e+02   6.8640000e+03
   1.0000000e+00   4.9800000e+02   6.8650000e+03
   1.0000000e+00   4.9900000e+02   6.8660000e+03
   3.0000000e+00   4.2500000e+02   6.8790000e+03
   3.0000000e+00   4.2600000e+02   6.8800000e+03
   3.0000000e+00   4.2700000e+02   6.8810000e+03
   1.0000000e+00   5.0300000e+02   6.9470000e+03
   1.0000000e+00   5.0400000e+02   6.9480000e+03
   5.0000000e+00   4.2400000e+02   6.8980000e+03
   4.0000000e+00   4.2400000e+02   6.9360000e+03
   1.0000000e+00   5.0500000e+02   6.7560000e+03
   1.0000000e+00   5.0600000e+02   6.7570000e+03
   1.0000000e+00   5.0700000e+02   6.7580000e+03
   1.0000000e+00   5.0500000e+02   6.7700000e+03
   1.0000000e+00   5.0600000e+02   6.7710000e+03
   1.0000000e+00   5.0700000e+02   6.7720000e+03
   3.0000000e+00   4.3000000e+02   6.7780000e+03
   3.0000000e+00   4.3100000e+02   6.7790000e+03
   3.0000000e+00   4.3200000e+02   6.7800000e+03
   1.0000000e+00   5.0800000e+02   7.0320000e+03
   1.0000000e+00   5.0900000e+02   7.0330000e+03
   1.0000000e+00   5.1000000e+02   7.0340000e+03
   3.0000000e+00   4.4500000e+02   7.0450000e+03
   3.0000000e+00   4.4600000e+02   7.0460000e+03
   3.0000000e+00   4.4700000e+02   7.0470000e+03
   1.0000000e+00   5.1100000e+02   7.0570000e+03
   1.0000000e+00   5.1200000e+02   7.0580000e+03
   1.0000000e+00   5.1300000e+02   7.0590000e+03
   3.0000000e+00   4.3700000e+02   7.0720000e+03
   3.0000000e+00   4.3800000e+02   7.0730000e+03
   3.0000000e+00   4.3900000e+02   7.0740000e+03
   1.0000000e+00   5.1700000e+02   7.1400000e+03
   1.0000000e+00   5.1800000e+02   7.1410000e+03
   5.0000000e+00   4.3600000e+02   7.0910000e+03
   4.0000000e+00   4.3600000e+02   7.1290000e+03
   1.0000000e+00   5.1900000e+02   6.9490000e+03
   1.0000000e+00   5.2000000e+02   6.9500000e+03
   1.0000000e+00   5.2100000e+02   6.9510000e+03
   1.0000000e+00   5.1900000e+02   6.9630000e+03
   1.0000000e+00   5.2000000e+02   6.9640000e+03
   1.0000000e+00   5.2100000e+02   6.9650000e+03
   3.0000000e+00   4.4200000e+02   6.9710000e+03
   3.0000000e+00   4.4300000e+02   6.9720000e+03
   3.0000000e+00   4.4400000e+02   6.9730000e+03
   1.0000000e+00   5.2200000e+02   7.2250000e+03
   1.0000000e+00   5.2300000e+02   7.2260000e+03
   1.0000000e+00   5.2400000e+02   7.2270000e+03
   3.0000000e+00   4.5700000e+02   7.2380000e+03
   3.0000000e+00   4.5800000e+02   7.2390000e+03
   3.0000000e+00   4.5900000e+02   7.2400000e+03
   1.0000000e+00   5.2500000e+02   7.2500000e+03
   1.0000000e+00   5.2600000e+02   7.2510000e+03
   1.0000000e+00   5.2700000e+02   7.2520000e+03
   3.0000000e+00   4.4900000e+02   7.2650000e+03
   3.0000000e+00   4.5000000e+02   7.2660000e+03
   3.0000000e+00   4.5100000e+02   7.2670000e+03
   1.0000000e+00   5.3100000e+02   7.3330000e+03
   1.0000000e+00   5.3200000e+02   7.3340000e+03
   5.0000000e+00   4.4800000e+02   7.2840000e+03
   4.0000000e+00   4.4800000e+02   7.3220000e+03
   1.0000000e+00   5.3300000e+02   7.1420000e+03
   1.0000000e+00   5.3400000e+02   7.1430000e+03
   1.0000000e+00   5.3500000e+02   7.1440000e+03
   1.0000000e+00   5.3300000e+02   7.1560000e+03
   1.0000000e+00   5.3400000e+02   7.1570000e+03
   1.0000000e+00   5.3500000e+02   7.1580000e+03
   3.0000000e+00   4.5400000e+02   7.1640000e+03
   3.0000000e+00   4.5500000e+02   7.1650000e+03
   3.0000000e+00   4.5600000e+02   7.1660000e+03
   1.0000000e+00   5.3600000e+02   7.4180000e+03
   1.0000000e+00   5.3700000e+02   7.4190000e+03
   1.0000000e+00   5.3800000e+02   7.4200000e+03
   3.0000000e+00   4.6900000e+02   7.4310000e+03
   3.0000000e+00   4.7000000e+02   7.4320000e+03
   3.0000000e+00   4.7100000e+02   7.4330000e+03
   1.0000000e+00   5.3900000e+02   7.4430000e+03
   1.0000000e+00   5.4000000e+02   7.4440000e+03
   1.0000000e+00   5.4100000e+02   7.4450000e+03
   3.0000000e+00   4.6100000e+02   7.4580000e+03
   3.0000000e+00   4.6200000e+02   7.4590000e+03
   3.0000000e+00   4.6300000e+02   7.4600000e+03
   1.0000000e+00   5.4500000e+02   7.5260000e+03
   1.0000000e+00   5.4600000e+02   7.5270000e+03
   5.0000000e+00   4.6000000e+02   7.4770000e+03
   4.0000000e+00   4.6000000e+02   7.5150000e+03
   1.0000000e+00   5.4700000e+02   7.3350000e+03
   1.0000000e+00   5.4800000e+02   7.3360000e+03
   1.0000000e+00   5.4900000e+02   7.3370000e+03
   1.0000000e+00   5.4700000e+02   7.3490000e+03
   1.0000000e+00   5.4800000e+02   7.3500000e+03
   1.0000000e+00   5.4900000e+02   7.3510000e+03
   3.0000000e+00   4.6600000e+02   7.3570000e+03
   3.0000000e+00   4.6700000e+02   7.3580000e+03
   3.0000000e+00   4.6800000e+02   7.3590000e+03
   1.0000000e+00   5.5000000e+02   7.6110000e+03
   1.0000000e+00   5.5100000e+02   7.6120000e+03
   1.0000000e+00   5.5200000e+02   7.6130000e+03
   3.0000000e+00   4.8100000e+02   7.6240000e+03
   3.0000000e+00   4.8200000e+02   7.6250000e+03
   3.0000000e+00   4.8300000e+02   7.6260000e+03
   1.0000000e+00   5.5300000e+02   7.6360000e+03
   1.0000000e+00   5.5400000e+02   7.6370000e+03
   1.0000000e+00   5.5500000e+02   7.6380000e+03
   3.0000000e+00   4.7300000e+02   7.6510000e+03
   3.0000000e+00   4.7400000e+02   7.6520000e+03
   3.0000000e+00   4.7500000e+02   7.6530000e+03
   1.0000000e+00   5.5900000e+02   7.7190000e+03
   1.0000000e+00   5.6000000e+02   7.7200000e+03
   5.0000000e+00   4.7200000e+02   7.6700000e+03
   4.0000000e+00   4.7200000e+02   7.7080000e+03
   1.0000000e+00   5.6100000e+02   7.5280000e+03
   1.0000000e+00   5.6200000e+02   7.5290000e+03
   1.0000000e+00   5.6300000e+02   7.5300000e+03
   1.0000000e+00   5.6100000e+02   7.5420000e+03
   1.0000000e+00   5.6200000e+02   7.5430000e+03
   1.0000000e+00   5.6300000e+02   7.5440000e+03
   3.0000000e+00   4.7800000e+02   7.5500000e+03
   3.0000000e+00   4.7900000e+02   7.5510000e+03
   3.0000000e+00   4.8000000e+02   7.5520000e+03
   1.0000000e+00   5.6400000e+02   7.8040000e+03
   1.0000000e+00   5.6500000e+02   7.8050000e+03
   1.0000000e+00   5.6600000e+02   7.8060000e+03
   3.0000000e+00   4.9300000e+02   7.8170000e+03
   3.0000000e+00   4.9400000e+02   7.8180000e+03
   3.0000000e+00   4.9500000e+02   7.8190000e+03
   1.0000000e+00   5.6700000e+02   7.8290000e+03
   1.0000000e+00   5.6800000e+02   7.8300000e+03
   1.0000000e+00   5.6900000e+02   7.8310000e+03
   3.0000000e+00   4.8500000e+02   7.8440000e+03
   3.0000000e+00   4.8600000e+02   7.8450000e+03
   3.0000000e+00   4.8700000e+02   7.8460000e+03
   1.0000000e+00   5.7300000e+02   7.9120000e+03
   1.0000000e+00   5.7400000e+02   7.9130000e+03
   5.0000000e+00   4.8400000e+02   7.8630000e+03
   4.0000000e+00   4.8400000e+02   7.9010000e+03
   1.0000000e+00   5.7500000e+02   7.7210000e+03
   1.0000000e+00   5.7600000e+02   7.7220000e+03
   1.0000000e+00   5.7700000e+02   7.7230000e+03
   1.0000000e+00   5.7500000e+02   7.7350000e+03
   1.0000000e+00   5.7600000e+02   7.7360000e+03
   1.0000000e+00   5.7700000e+02   7.7370000e+03
   3.0000000e+00   4.9000000e+02   7.7430000e+03
   3.0000000e+00   4.9100000e+02   7.7440000e+03
   3.0000000e+00   4.9200000e+02   7.7450000e+03
   1.0000000e+00   5.7800000e+02   7.9970000e+03
   1.0000000e+00   5.7900000e+02   7.9980000e+03
   1.0000000e+00   5.8000000e+02   7.9990000e+03
   3.0000000e+00   5.0500000e+02   8.0100000e+03
   3.0000000e+00   5.0600000e+02   8.0110000e+03
   3.0000000e+00   5.0700000e+02   8.0120000e+03
   1.0000000e+00   5.8100000e+02   8.0220000e+03
   1.0000000e+00   5.8200000e+02   8.0230000e+03
   1.0000000e+00   5.8300000e+02   8.0240000e+03
   3.0000000e+00   4.9700000e+02   8.0370000e+03
   3.0000000e+00   4.9800000e+02   8.0380000e+03
   3.0000000e+00   4.9900000e+02   8.0390000e+03
   1.0000000e+00   5.8700000e+02   8.1050000e+03
   1.0000000e+00   5.8800000e+02   8.1060000e+03
   5.0000000e+00   4.9600000e+02   8.0560000e+03
   4.0000000e+00   4.9600000e+02   8.0940000e+03
   1.0000000e+00   5.8900000e+02   7.9140000e+03
   1.0000000e+00   5.9000000e+02   7.9150000e+03
   1.0000000e+00   5.9100000e+02   7.9160000e+03
   1.0000000e+00   5.8900000e+02   7.9280000e+03
   1.0000000e+00   5.9000000e+02   7.9290000e+03
   1.0000000e+00   5.9100000e+02   7.9300000e+03
   3.0000000e+00   5.0200000e+02   7.9360000e+03
   3.0000000e+00   5.0300000e+02   7.9370000e+03
   3.0000000e+00   5.0400000e+02   7.9380000e+03
   1.0000000e+00   5.9200000e+02   8.1900000e+03
   1.0000000e+00   5.9300000e+02   8.1910000e+03
   1.0000000e+00   5.9400000e+02   8.1920000e+03
   3.0000000e+00   5.1700000e+02   8.2030000e+03
   3.0000000e+00   5.1800000e+02   8.2040000e+03
   3.0000000e+00   5.1900000e+02   8.2050000e+03
   1.0000000e+00   5.9500000e+02   8.2150000e+03
   1.0000000e+00   5.9600000e+02   8.2160000e+03
   1.0000000e+00   5.9700000e+02   8.2170000e+03
   3.0000000e+00   5.0900000e+02   8.2300000e+03
   3.0000000e+00   5.1000000e+02   8.2310000e+03
   3.0000000e+00   5.1100000e+02   8.2320000e+03
   1.0000000e+00   6.0100000e+02   8.2980000e+03
   1.0000000e+00   6.0200000e+02   8.2990000e+03
   5.0000000e+00   5.0800000e+02   8.2490000e+03
   4.0000000e+00   5.0800000e+02   8.2870000e+03
   1.0000000e+00   6.0300000e+02   8.1070000e+03
   1.0000000e+00   6.0400000e+02   8.1080000e+03
   1.0000000e+00   6.0500000e+02   8.1090000e+03
   1.0000000e+00   6.0300000e+02   8.1210000e+03
   1.0000000e+00   6.0400000e+02   8.1220000e+03
   1.0000000e+00   6.0500000e+02   8.1230000e+03
   3.0000000e+00   5.1400000e+02   8.1290000e+03
   3.0000000e+00   5.1500000e+02   8.1300000e+03
   3.0000000e+00   5.1600000e+02   8.1310000e+03
   1.0000000e+00   6.0600000e+02   8.3830000e+03
   1.0000000e+00   6.0700000e+02   8.3840000e+03
   1.0000000e+00   6.0800000e+02   8.3850000e+03
   3.0000000e+00   5.2900000e+02   8.3960000e+03
   3.0000000e+00   5.3000000e+02   8.3970000e+03
   3.0000000e+00   5.3100000e+02   8.3980000e+03
   1.0000000e+00   6.0900000e+02   8.4080000e+03
   1.0000000e+00   6.1000000e+02   8.4090000e+03
   1.0000000e+00   6.1100000e+02   8.4100000e+03
   3.0000000e+00   5.2100000e+02   8.4230000e+03
   3.0000000e+00   5.2200000e+02   8.4240000e+03
   3.0000000e+00   5.2300000e+02   8.4250000e+03
   1.0000000e+00   6.1500000e+02   8.4910000e+03
   1.0000000e+00   6.1600000e+02   8.4920000e+03
   5.0000000e+00   5.2000000e+02   8.4420000e+03
   4.0000000e+00   5.2000000e+02   8.4800000e+03
   1.0000000e+00   6.1700000e+02   8.3000000e+03
   1.0000000e+00   6.1800000e+02   8.3010000e+03
   1.0000000e+00   6.1900000e+02   8.3020000e+03
   1.0000000e+00   6.1700000e+02   8.3140000e+03
   1.0000000e+00   6.1800000e+02   8.3150000e+03
   1.0000000e+00   6.1900000e+02   8.3160000e+03
   3.0000000e+00   5.2600000e+02   8.3220000e+03
   3.0000000e+00   5.2700000e+02   8.3230000e+03
   3.0000000e+00   5.2800000e+02   8.3240000e+03
   1.0000000e+00   6.2000000e+02   8.5760000e+03
   1.0000000e+00   6.2100000e+02   8.5770000e+03
   1.0000000e+00   6.2200000e+02   8.5780000e+03
   3.0000000e+00   5.4100000e+02   8.5890000e+03
   3.0000000e+00   5.4200000e+02   8.5900000e+03
   3.0000000e+00   5.4300000e+02   8.5910000e+03
   1.0000000e+00   6.2300000e+02   8.6010000e+03
   1.0000000e+00   6.2400000e+02   8.6020000e+03
   1.0000000e+00   6.2500000e+02   8.6030000e+03
   3.0000000e+00   5.3300000e+02   8.6160000e+03
   3.0000000e+00   5.3400000e+02   8.6170000e+03
   3.0000000e+00   5.3500000e+02   8.6180000e+03
   1.0000000e+00   6.2900000e+02   8.6840000e+03
   1.0000000e+00   6.3000000e+02   8.6850000e+03
   5.0000000e+00   5.3200000e+02   8.6350000e+03
   4.0000000e+00   5.3200000e+02   8.6730000e+03
   1.0000000e+00   6.3100000e+02   8.4930000e+03
   1.0000000e+00   6.3200000e+02   8.4940000e+03
   1.0000000e+00   6.3300000e+02   8.4950000e+03
   1.0000000e+00   6.3100000e+02   8.5070000e+03
   1.0000000e+00   6.3200000e+02   8.5080000e+03
   1.0000000e+00   6.3300000e+02   8.5090000e+03
   3.0000000e+00   5.3800000e+02   8.5150000e+03
   3.0000000e+00   5.3900000e+02   8.5160000e+03
   3.0000000e+00   5.4000000e+02   8.5170000e+03
   1.0000000e+00   6.3400000e+02   8.7690000e+03
   1.0000000e+00   6.3500000e+02   8.7700000e+03
   1.0000000e+00   6.3600000e+02   8.7710000e+03
   3.0000000e+00   5.5300000e+02   8.7820000e+03
   3.0000000e+00   5.5400000e+02   8.7830000e+03
   3.0000000e+00   5.5500000e+02   8.7840000e+03
   1.0000000e+00   6.3700000e+02   8.7940000e+03
   1.0000000e+00   6.3800000e+02   8.7950000e+03
   1.0000000e+00   6.3900000e+02   8.7960000e+03
   3.0000000e+00   5.4500000e+02   8.8090000e+03
   3.0000000e+00   5.4600000e+02   8.8100000e+03
   3.0000000e+00   5.4700000e+02   8.8110000e+03
   1.0000000e+00   6.4300000e+02   8.8770000e+03
   1.0000000e+00   6.4400000e+02   8.8780000e+03
   5.0000000e+00   5.4400000e+02   8.8280000e+03
   4.0000000e+00   5.4400000e+02   8.8660000e+03
   1.0000000e+00   6.4500000e+02   8.6860000e+03
   1.0000000e+00   6.4600000e+02   8.6870000e+03
   1.0000000e+00   6.4700000e+02   8.6880000e+03
   1.0000000e+00   6.4500000e+02   8.7000000e+03
   1.0000000e+00   6.4600000e+02   8.7010000e+03
   1.0000000e+00   6.4700000e+02   8.7020000e+03
   3.0000000e+00   5.5000000e+02   8.7080000e+03
   3.0000000e+00   5.5100000e+02   8.7090000e+03
   3.0000000e+00   5.5200000e+02   8.7100000e+03
   1.0000000e+00   6.4800000e+02   8.9620000e+03
   1.0000000e+00   6.4900000e+02   8.9630000e+03
   1.0000000e+00   6.5000000e+02   8.9640000e+03
   3.0000000e+00   5.6500000e+02   8.9750000e+03
   3.0000000e+00   5.6600000e+02   8.9760000e+03
   3.0000000e+00   5.6700000e+02   8.9770000e+03
   1.0000000e+00   6.5100000e+02   8.9870000e+03
   1.0000000e+00   6.5200000e+02   8.9880000e+03
   1.0000000e+00   6.5300000e+02   8.9890000e+03
   3.0000000e+00   5.5700000e+02   9.0020000e+03
   3.0000000e+00   5.5800000e+02   9.0030000e+03
   3.0000000e+00   5.5900000e+02   9.0040000e+03
   1.0000000e+00   6.5700000e+02   9.0700000e+03
   1.0000000e+00   6.5800000e+02   9.0710000e+03
   5.0000000e+00   5.5600000e+02   9.0210000e+03
   4.0000000e+00   5.5600000e+02   9.0590000e+03
   1.0000000e+00   6.5900000e+02   8.8790000e+03
   1.0000000e+00   6.6000000e+02   8.8800000e+03
   1.0000000e+00   6.6100000e+02   8.8810000e+03
   1.0000000e+00   6.5900000e+02   8.8930000e+03
   1.0000000e+00   6.6000000e+02   8.8940000e+03
   1.0000000e+00   6.6100000e+02   8.8950000e+03
   3.0000000e+00   5.6200000e+02   8.9010000e+03
   3.0000000e+00   5.6300000e+02   8.9020000e+03
   3.0000000e+00   5.6400000e+02   8.9030000e+03
   1.0000000e+00   6.6200000e+02   9.1550000e+03
   1.0000000e+00   6.6300000e+02   9.1560000e+03
   1.0000000e+00   6.6400000e+02   9.1570000e+03
   3.0000000e+00   5.7700000e+02   9.1680000e+03
   3.0000000e+00   5.7800000e+02   9.1690000e+03
   3.0000000e+00   5.7900000e+02   9.1700000e+03
   1.0000000e+00   6.6500000e+02   9.1800000e+03
   1.0000000e+00   6.6600000e+02   9.1810000e+03
   1.0000000e+00   6.6700000e+02   9.1820000e+03
   3.0000000e+00   5.6900000e+02   9.1950000e+03
   3.0000000e+00   5.7000000e+02   9.1960000e+03
   3.0000000e+00   5.7100000e+02   9.1970000e+03
   1.0000000e+00   6.7100000e+02   9.2630000e+03
   1.0000000e+00   6.7200000e+02   9.2640000e+03
   5.0000000e+00   5.6800000e+02   9.2140000e+03
   4.0000000e+00   5.6800000e+02   9.2520000e+03
   1.0000000e+00   6.7300000e+02   9.0720000e+03
   1.0000000e+00   6.7400000e+02   9.0730000e+03
   1.0000000e+00   6.7500000e+02   9.0740000e+03
   1.0000000e+00   6.7300000e+02   9.0860000e+03
   1.0000000e+00   6.7400000e+02   9.0870000e+03
   1.0000000e+00   6.7500000e+02   9.0880000e+03
   3.0000000e+00   5.7400000e+02   9.0940000e+03
   3.0000000e+00   5.7500000e+02   9.0950000e+03
   3.0000000e+00   5.7600000e+02   9.0960000e+03
   1.0000000e+00   6.7600000e+02   9.3480000e+03
   1.0000000e+00   6.7700000e+02   9.3490000e+03
   1.0000000e+00   6.7800000e+02   9.3500000e+03
   3.0000000e+00   5.8900000e+02   9.3610000e+03
   3.0000000e+00   5.9000000e+02   9.3620000e+03
   3.0000000e+00   5.9100000e+02   9.3630000e+03
   1.0000000e+00   6.7900000e+02   9.3730000e+03
   1.0000000e+00   6.8000000e+02   9.3740000e+03
   1.0000000e+00   6.8100000e+02   9.3750000e+03
   3.0000000e+00   5.8100000e+02   9.3880000e+03
   3.0000000e+00   5.8200000e+02   9.3890000e+03
   3.0000000e+00   5.8300000e+02   9.3900000e+03
   1.0000000e+00   6.8500000e+02   9.4560000e+03
   1.0000000e+00   6.8600000e+02   9.4570000e+03
   5.0000000e+00   5.8000000e+02   9.4070000e+03
   4.0000000e+00   5.8000000e+02   9.4450000e+03
   1.0000000e+00   6.8700000e+02   9.2650000e+03
   1.0000000e+00   6.8800000e+02   9.2660000e+03
   1.0000000e+00   6.8900000e+02   9.2670000e+03
   1.0000000e+00   6.8700000e+02   9.2790000e+03
   1.0000000e+00   6.8800000e+02   9.2800000e+03
   1.0000000e+00   6.8900000e+02   9.2810000e+03
   3.0000000e+00   5.8600000e+02   9.2870000e+03
   3.0000000e+00   5.8700000e+02   9.2880000e+03
   3.0000000e+00   5.8800000e+02   9.2890000e+03
   1.0000000e+00   6.9000000e+02   9.5410000e+03
   1.0000000e+00   6.9100000e+02   9.5420000e+03
   1.0000000e+00   6.9200000e+02   9.5430000e+03
   3.0000000e+00   6.0100000e+02   9.5540000e+03
   3.0000000e+00   6.0200000e+02   9.5550000e+03
   3.0000000e+00   6.0300000e+02   9.5560000e+03
   1.0000000e+00   6.9300000e+02   9.5660000e+03
   1.0000000e+00   6.9400000e+02   9.5670000e+03
   1.0000000e+00   6.9500000e+02   9.5680000e+03
   3.0000000e+00   5.9300000e+02   9.5810000e+03
   3.0000000e+00   5.9400000e+02   9.5820000e+03
   3.0000000e+00   5.9500000e+02   9.5830000e+03
   1.0000000e+00   6.9900000e+02   9.6490000e+03
   1.0000000e+00   7.0000000e+02   9.6500000e+03
   5.0000000e+00   5.9200000e+02   9.6000000e+03
   4.0000000e+00   5.9200000e+02   9.6380000e+03
   1.0000000e+00   7.0100000e+02   9.4580000e+03
   1.0000000e+00   7.0200000e+02   9.4590000e+03
   1.0000000e+00   7.0300000e+02   9.4600000e+03
   1.0000000e+00   7.0100000e+02   9.4720000e+03
   1.0000000e+00   7.0200000e+02   9.4730000e+03
   1.0000000e+00   7.0300000e+02   9.4740000e+03
   3.0000000e+00   5.9800000e+02   9.4800000e+03
   3.0000000e+00   5.9900000e+02   9.4810000e+03
   3.0000000e+00   6.0000000e+02   9.4820000e+03