4 0 1 311.085197 0 50 0.01 1.0 1.05 0.2
4 0 2 311.085197 240 50 0.01 1.0 1.05 0.2
4 0 3 311.085197 120 50 0.01 1.0 1.05 0.2
2 1 4 0.746e-3 0 0 0 0 0 0
2 2 5 0.746e-3 0 0 0 0 0 0
2 3 6 0.746e-3 0 0 0 0 0 0
27 4 7 0.346 10.0 10.1 100000 0 0 0
27 5 8 0.346 10.0 10.1 100000 0 0 0
27 6 9 0.346 10.0 10.1 100000 0 0 0
26 14 13 1000 8 29 96 91 0 0
24 10 13 0.01 5e-3 5000e-6 51 2 0 0
28 19 18 0.624999 0 0 0 0 0 0
24 15 18 0.01 5e-3 5000e-6 163 2 0 0
28 24 23 0.874999 0 0 0 0 0 0
24 20 23 0.01 5e-3 5000e-6 242 2 0 0
1 7 0 7.26 0 0 0 0 0 0
1 8 0 7.26 0 0 0 0 0 0
1 9 0 7.26 0 0 0 0 0 0
1 7 25 7.26 0 0 0 0 0 0
1 8 26 7.26 0 0 0 0 0 0
1 9 27 7.26 0 0 0 0 0 0
2 25 0 23.1e-3 0 0 0 0 0 0
2 26 0 23.1e-3 0 0 0 0 0 0
3 27 0 23.1e-3 0 0 0 0 0 0
1 7 28 7.26 0 0 0 0 0 0
1 8 29 7.26 0 0 0 0 0 0
1 9 30 7.26 0 0 0 0 0 0
2 28 0 23.1e-3 0 0 0 0 0 0
2 29 0 23.1e-3 0 0 0 0 0 0
3 30 0 23.1e-3 0 0 0 0 0 0
1 7 0 4.84 0 0 0 0 0 0
1 8 0 4.84 0 0 0 0 0 0
1 9 0 4.84 0 0 0 0 0 0
27 7 31 7.26 0.5 10.1 100000 0 0 0
27 8 32 7.26 0.5 10.1 100000 0 0 0
27 9 33 7.26 0.5 10.1 100000 0 0 0
2 31 0 23.1e-3 0 0 0 0 0 0
2 32 0 23.1e-3 0 0 0 0 0 0
2 33 0 23.1e-3 0 0 0 0 0 0
1 7 0 4.84 0 0 0 0 0 0
1 8 0 4.84 0 0 0 0 0 0
1 9 0 4.84 0 0 0 0 0 0
1 7 10 0.01 0 0 0 0 0 0
1 8 11 0.01 0 0 0 0 0 0
1 9 12 0.01 0 0 0 0 0 0
1 7 15 0.01 0 0 0 0 0 0
1 8 16 0.01 0 0 0 0 0 0
1 9 17 0.01 0 0 0 0 0 0
1 7 20 0.01 0 0 0 0 0 0
1 8 21 0.01 0 0 0 0 0 0
1 9 22 0.01 0 0 0 0 0 0
3 34 20 73.1e-6 0 0 0 0 0 0
3 34 21 73.1e-6 0 0 0 0 0 0
3 34 22 73.1e-6 0 0 0 0 0 0