2 17 11 0.694e-3 0 0 0 0 0 0
2 18 13 0.694e-3 0 0 0 0 0 0
2 19 15 0.694e-3 0 0 0 0 0 0
1 21 17 0.218 0 0 0 0 0 0
1 23 18 0.218 0 0 0 0 0 0
1 25 19 0.218 0 0 0 0 0 0
25 20 26 2.5e6 0.69e3 38.5e3 50 0.1 2 1
18 27 32 2 13.8 0 0 0 0 0
1 33 30 0.001 0 0 0 0 0 0
1 34 31 0.001 0 0 0 0 0 0
1 35 32 0.001 0 0 0 0 0 0
24 33 36 0.0 0.6e-3 16000e-6 171 2 0 0
24 38 36 0.001 0.6e-3 16000e-6 65 2 0 0
1 20 38 0.001 0 0 0 0 0 0
1 22 39 0.001 0 0 0 0 0 0
1 24 40 0.001 0 0 0 0 0 0
1 20 27 0.001 0 0 0 0 0 0
1 22 28 0.001 0 0 0 0 0 0
1 24 29 0.001 0 0 0 0 0 0